     0.000     0.000  -179.671    -0.014    -0.011 -0.9493E+05  -0.1613E+06
     0.000     6.000  -185.309    -0.012    -0.009 -0.1594E+06  -0.3222E+06
     0.000    12.000  -190.947    -0.042    -0.038  0.1736E+06  -0.9325E+04
     0.000    18.000  -196.585    -0.105    -0.065  0.9786E+06   0.2199E+06
     0.000    24.000  -202.224    -0.129    -0.088  0.1424E+07   0.6433E+06
     0.000    30.000  -207.862    -0.049    -0.041  0.5644E+06   0.8014E+05
     0.000    36.000  -213.500     0.000    -0.000  0.4019E+05  -0.3359E+06
     0.000    42.000  -219.138     0.000    -0.000  0.1434E+06  -0.2267E+06
     0.000    48.000  -224.776     0.000    -0.000  0.1720E+06  -0.2419E+06
     0.000    54.000  -230.414     0.000    -0.000  0.1774E+06  -0.2807E+06
     0.000    60.000  -236.053     0.000    -0.000  0.1747E+06  -0.4155E+06
     0.000    66.000  -241.691     0.015    -0.041  0.9229E+04   0.2706E+06
     6.000     0.000  -179.671    -0.011    -0.041 -0.2330E+06   0.1015E+06
     6.000     6.000  -185.309    -0.004    -0.012 -0.4123E+06  -0.5085E+06
     6.000    12.000  -190.947    -0.003    -0.024 -0.6325E+06  -0.3699E+06
     6.000    18.000  -196.585    -0.029    -0.062 -0.4027E+06   0.1507E+05
     6.000    24.000  -202.224    -0.044    -0.114 -0.1240E+06   0.8832E+06
     6.000    30.000  -207.862    -0.011    -0.020 -0.1941E+06  -0.5225E+06
     6.000    36.000  -213.500    -0.000    -0.001  0.8039E+05  -0.5306E+06
     6.000    42.000  -219.138     0.001    -0.016  0.2674E+06  -0.2426E+06
     6.000    48.000  -224.776    -0.000    -0.003  0.2959E+06  -0.5318E+06
     6.000    54.000  -230.414     0.010    -0.018  0.7706E+05  -0.4557E+06
     6.000    60.000  -236.053     0.005    -0.051  0.2807E+06  -0.1934E+06
     6.000    66.000  -241.691     0.009    -0.098  0.1944E+06   0.7128E+06
    12.000     0.000  -179.671     0.005    -0.022 -0.6271E+06  -0.4783E+06
    12.000     6.000  -185.309     0.011    -0.029 -0.9959E+06  -0.5509E+06
    12.000    12.000  -190.947     0.001    -0.002 -0.1069E+07  -0.1102E+07
    12.000    18.000  -196.585     0.013    -0.027 -0.1290E+07  -0.5746E+06
    12.000    24.000  -202.224     0.001    -0.010 -0.8068E+06  -0.8102E+06
    12.000    30.000  -207.862    -0.005    -0.020 -0.1514E+06  -0.5904E+06
    12.000    36.000  -213.500    -0.001    -0.038  0.3028E+06  -0.3213E+06
    12.000    42.000  -219.138     0.015    -0.040  0.3069E+06  -0.4804E+06
    12.000    48.000  -224.776    -0.001    -0.074  0.4888E+06   0.6851E+05
    12.000    54.000  -230.414    -0.003    -0.021  0.5495E+06  -0.1343E+07
    12.000    60.000  -236.053     0.038    -0.273 -0.1559E+06   0.2901E+07
    12.000    66.000  -241.691    -0.018    -0.074  0.5334E+06  -0.2710E+06
    18.000     0.000  -179.671     0.000    -0.000 -0.7440E+06  -0.1250E+07
    18.000     6.000  -185.309    -0.000    -0.002 -0.1529E+07  -0.2081E+07
    18.000    12.000  -190.947     0.002    -0.044 -0.2860E+07  -0.2462E+07
    18.000    18.000  -196.585    -0.009    -0.058 -0.3350E+07  -0.2561E+07
    18.000    24.000  -202.224    -0.001    -0.016 -0.2183E+07  -0.2726E+07
    18.000    30.000  -207.862    -0.007    -0.020 -0.3632E+06  -0.1818E+07
    18.000    36.000  -213.500     0.000    -0.003  0.7944E+06  -0.1806E+07
    18.000    42.000  -219.138     0.026    -0.050  0.6662E+06  -0.9841E+06
    18.000    48.000  -224.776    -0.020    -0.059  0.1076E+07  -0.7164E+06
    18.000    54.000  -230.414    -0.002    -0.004  0.8746E+06  -0.1444E+07
    18.000    60.000  -236.053     0.001    -0.002  0.6284E+06  -0.1228E+07
    18.000    66.000  -241.691     0.000    -0.050  0.1695E+06  -0.9876E+05
    24.000     0.000  -179.671     0.000    -0.000 -0.9482E+06  -0.2193E+07
    24.000     6.000  -185.309    -0.010    -0.049 -0.2371E+07  -0.4410E+07
    24.000    12.000  -190.947    -0.118    -0.439 -0.4321E+07  -0.3803E+07
    24.000    18.000  -196.585    -0.436    -1.212 -0.2129E+07   0.4887E+07
    24.000    24.000  -202.224    -0.364    -0.813 -0.1426E+07  -0.2078E+07
    24.000    30.000  -207.862    -0.177    -0.350  0.6062E+06  -0.5372E+07
    24.000    36.000  -213.500    -0.013    -0.030  0.2276E+07  -0.6722E+07
    24.000    42.000  -219.138    -0.005    -0.014  0.2869E+07  -0.4408E+07
    24.000    48.000  -224.776    -0.034    -0.064  0.2327E+07  -0.2512E+07
    24.000    54.000  -230.414     0.040    -0.204  0.4291E+06   0.8400E+06
    24.000    60.000  -236.053     0.000    -0.017  0.6042E+06  -0.1633E+07
    24.000    66.000  -241.691     0.003    -0.046  0.2456E+06  -0.2509E+06
    30.000     0.000  -179.671     0.000    -0.000 -0.8014E+06  -0.3214E+07
    30.000     6.000  -185.309    -0.070    -0.135 -0.1623E+07  -0.6750E+07
    30.000    12.000  -190.947    -0.529    -0.934  0.1249E+07  -0.7602E+07
    30.000    18.000  -196.585    -1.204    -3.496  0.6435E+07   0.1995E+08
    30.000    24.000  -202.224    -1.354    -4.216  0.1008E+08   0.2372E+08
    30.000    30.000  -207.862    -0.765    -3.509  0.8445E+07   0.1804E+08
    30.000    36.000  -213.500    -0.006    -1.713  0.4084E+07  -0.7370E+04
    30.000    42.000  -219.138     0.077    -0.785  0.4378E+07  -0.2971E+07
    30.000    48.000  -224.776    -0.004    -0.030  0.3851E+07  -0.7772E+07
    30.000    54.000  -230.414    -0.000    -0.012  0.1688E+07  -0.3373E+07
    30.000    60.000  -236.053    -0.000    -0.001  0.5966E+06  -0.1854E+07
    30.000    66.000  -241.691    -0.002    -0.005  0.3408E+06  -0.9908E+06
    36.000     0.000  -179.671     0.000    -0.000 -0.3922E+06  -0.3509E+07
    36.000     6.000  -185.309     0.001    -0.014 -0.1814E+07  -0.1245E+08
    36.000    12.000  -190.947    -0.243    -2.007 -0.1583E+07   0.1802E+07
    36.000    18.000  -196.585    -1.259    -4.903  0.9803E+07   0.2717E+08
    36.000    24.000  -202.224    -1.335    -6.122  0.9322E+07   0.3387E+08
    36.000    30.000  -207.862    -0.445    -5.526  0.2442E+07   0.2772E+08
    36.000    36.000  -213.500     0.631    -3.693 -0.5466E+07   0.1151E+08
    36.000    42.000  -219.138     0.648    -2.261 -0.3974E+07   0.6161E+07
    36.000    48.000  -224.776     0.275    -0.681 -0.1960E+05  -0.5194E+07
    36.000    54.000  -230.414     0.002    -0.018  0.1775E+07  -0.6368E+07
    36.000    60.000  -236.053    -0.000    -0.004  0.5466E+06  -0.2359E+07
    36.000    66.000  -241.691     0.005    -0.009  0.1601E+06  -0.1124E+07
    42.000     0.000  -179.671     0.000    -0.000  0.1158E+06  -0.3498E+07
    42.000     6.000  -185.309     0.002    -0.024  0.2244E+06  -0.1216E+08
    42.000    12.000  -190.947    -0.173    -1.974  0.2196E+07   0.2591E+07
    42.000    18.000  -196.585    -0.253    -4.522  0.1192E+06   0.2306E+08
    42.000    24.000  -202.224    -0.753    -5.642  0.6320E+07   0.2619E+08
    42.000    30.000  -207.862    -0.010    -5.676 -0.1747E+07   0.2683E+08
    42.000    36.000  -213.500     0.830    -4.271 -0.7614E+07   0.1567E+08
    42.000    42.000  -219.138     0.610    -2.644 -0.1937E+07   0.6519E+07
    42.000    48.000  -224.776     0.305    -1.222  0.1032E+06  -0.2839E+06
    42.000    54.000  -230.414     0.004    -0.040  0.1259E+07  -0.8376E+07
    42.000    60.000  -236.053    -0.004    -0.010  0.3208E+06  -0.2701E+07
    42.000    66.000  -241.691     0.001    -0.003  0.7667E+05  -0.1348E+07
    48.000     0.000  -179.671     0.000    -0.000  0.5072E+06  -0.2891E+07
    48.000     6.000  -185.309     0.001    -0.007  0.1480E+07  -0.9149E+07
    48.000    12.000  -190.947     0.125    -1.277  0.9390E+06  -0.8893E+06
    48.000    18.000  -196.585     0.371    -3.063 -0.2775E+07   0.1240E+08
    48.000    24.000  -202.224     0.488    -4.088 -0.7829E+07   0.1678E+08
    48.000    30.000  -207.862     0.227    -4.330 -0.3815E+07   0.1906E+08
    48.000    36.000  -213.500     0.724    -3.407 -0.7375E+07   0.1111E+08
    48.000    42.000  -219.138     1.113    -2.500 -0.1190E+08   0.8871E+07
    48.000    48.000  -224.776     0.623    -1.277 -0.6052E+07   0.1970E+07
    48.000    54.000  -230.414     0.003    -0.048  0.5256E+06  -0.8096E+07
    48.000    60.000  -236.053     0.000    -0.018 -0.1123E+06  -0.2508E+07
    48.000    66.000  -241.691    -0.003    -0.012 -0.2249E+05  -0.1176E+07
    54.000     0.000  -179.671     0.000    -0.000  0.6614E+06  -0.2102E+07
    54.000     6.000  -185.309    -0.001    -0.004  0.1893E+07  -0.5719E+07
    54.000    12.000  -190.947     0.300    -0.643 -0.8394E+06  -0.2557E+07
    54.000    18.000  -196.585     0.619    -1.700 -0.4586E+07   0.6152E+07
    54.000    24.000  -202.224     0.278    -2.082 -0.7349E+06   0.5713E+07
    54.000    30.000  -207.862    -0.183    -2.228  0.3325E+07   0.7646E+07
    54.000    36.000  -213.500     0.274    -1.570 -0.2447E+07  -0.5452E+06
    54.000    42.000  -219.138     0.634    -1.494 -0.6302E+07   0.4242E+07
    54.000    48.000  -224.776     0.458    -1.134 -0.4669E+07   0.5694E+07
    54.000    54.000  -230.414     0.009    -0.054 -0.3419E+06  -0.5981E+07
    54.000    60.000  -236.053    -0.005    -0.012 -0.2889E+06  -0.2069E+07
    54.000    66.000  -241.691     0.006    -0.011 -0.2943E+06  -0.9799E+06
    60.000     0.000  -179.671     0.000    -0.000  0.6687E+06  -0.1473E+07
    60.000     6.000  -185.309     0.001    -0.013  0.1542E+07  -0.2449E+07
    60.000    12.000  -190.947     0.004    -0.012  0.3254E+07  -0.5357E+07
    60.000    18.000  -196.585     0.169    -0.520  0.1584E+07   0.2704E+05
    60.000    24.000  -202.224     0.185    -0.744 -0.7046E+06   0.1573E+07
    60.000    30.000  -207.862    -0.149    -0.529  0.1779E+07  -0.2038E+07
    60.000    36.000  -213.500    -0.062    -0.261  0.1266E+07  -0.5989E+07
    60.000    42.000  -219.138    -0.022    -0.571  0.1967E+07   0.7427E+06
    60.000    48.000  -224.776     0.187    -0.487 -0.2056E+07   0.1781E+07
    60.000    54.000  -230.414    -0.005    -0.017 -0.5286E+06  -0.3309E+07
    60.000    60.000  -236.053    -0.004    -0.012 -0.3870E+06  -0.1276E+07
    60.000    66.000  -241.691    -0.003    -0.008 -0.1582E+06  -0.7561E+06
    66.000     0.000  -179.671     0.019    -0.097  0.4115E+06   0.1484E+06
    66.000     6.000  -185.309     0.014    -0.081  0.7963E+06  -0.5169E+06
    66.000    12.000  -190.947     0.001    -0.017  0.1413E+07  -0.1791E+07
    66.000    18.000  -196.585    -0.001    -0.007  0.1889E+07  -0.2166E+07
    66.000    24.000  -202.224     0.000    -0.009  0.1100E+07  -0.2546E+07
    66.000    30.000  -207.862    -0.021    -0.142 -0.1657E+06  -0.4627E+06
    66.000    36.000  -213.500    -0.004    -0.026 -0.2760E+06  -0.2793E+07
    66.000    42.000  -219.138     0.009    -0.123 -0.2322E+06  -0.6635E+06
    66.000    48.000  -224.776     0.002    -0.010 -0.2252E+05  -0.2031E+07
    66.000    54.000  -230.414     0.012    -0.024 -0.7397E+06  -0.9787E+06
    66.000    60.000  -236.053    -0.005    -0.009 -0.2785E+06  -0.8856E+06
    66.000    66.000  -241.691     0.010    -0.026 -0.3244E+06  -0.3011E+06
    72.000     0.000  -179.671     0.071    -0.167 -0.4763E+06   0.1345E+07
    72.000     6.000  -185.309     0.024    -0.091  0.2514E+06  -0.5149E+05
    72.000    12.000  -190.947    -0.002    -0.006  0.6719E+06  -0.1072E+07
    72.000    18.000  -196.585     0.000    -0.012  0.5664E+06  -0.7079E+06
    72.000    24.000  -202.224     0.002    -0.005  0.3173E+06  -0.8377E+06
    72.000    30.000  -207.862    -0.009    -0.025  0.1176E+06  -0.5505E+06
    72.000    36.000  -213.500     0.003    -0.007 -0.1993E+06  -0.9391E+06
    72.000    42.000  -219.138    -0.001    -0.006 -0.1726E+06  -0.9834E+06
    72.000    48.000  -224.776     0.015    -0.034 -0.5311E+06  -0.5368E+06
    72.000    54.000  -230.414    -0.003    -0.034 -0.2623E+06  -0.6546E+06
    72.000    60.000  -236.053    -0.000    -0.091 -0.2788E+06   0.4935E+06
    72.000    66.000  -241.691     0.002    -0.017 -0.1300E+06  -0.4989E+06
    78.000     0.000  -179.671     0.029    -0.115  0.1243E+06   0.9043E+06
    78.000     6.000  -185.309     0.003    -0.055  0.3308E+06  -0.2222E+06
    78.000    12.000  -190.947     0.017    -0.047  0.4591E+05  -0.7829E+05
    78.000    18.000  -196.585     0.006    -0.016  0.1226E+06  -0.6271E+06
    78.000    24.000  -202.224    -0.003    -0.064  0.6518E+05   0.2616E+06
    78.000    30.000  -207.862     0.000    -0.006 -0.3205E+05  -0.7038E+06
    78.000    36.000  -213.500     0.000    -0.006 -0.1138E+06  -0.6256E+06
    78.000    42.000  -219.138     0.004    -0.016 -0.3837E+05  -0.8296E+06
    78.000    48.000  -224.776    -0.004    -0.149 -0.6293E+05   0.1145E+07
    78.000    54.000  -230.414    -0.028    -0.082  0.3269E+06  -0.1331E+06
    78.000    60.000  -236.053    -0.033    -0.087  0.5019E+06   0.3281E+06
    78.000    66.000  -241.691     0.004    -0.011 -0.1485E+06  -0.5675E+06
    84.000     0.000  -179.671     0.012    -0.050  0.9733E+05   0.2672E+06
    84.000     6.000  -185.309     0.000    -0.001  0.2358E+06  -0.6184E+06
    84.000    12.000  -190.947     0.004    -0.020  0.1943E+06  -0.1562E+06
    84.000    18.000  -196.585     0.000    -0.000  0.1578E+06  -0.8332E+06
    84.000    24.000  -202.224    -0.034    -0.145  0.4810E+06   0.1344E+07
    84.000    30.000  -207.862    -0.007    -0.093 -0.1019E+06   0.2593E+06
    84.000    36.000  -213.500    -0.015    -0.074  0.1638E+06  -0.6734E+05
    84.000    42.000  -219.138     0.044    -0.136 -0.7023E+06   0.1099E+07
    84.000    48.000  -224.776    -0.002    -0.010 -0.7204E+05  -0.1396E+07
    84.000    54.000  -230.414     0.048    -0.180 -0.1056E+07   0.1586E+07
    84.000    60.000  -236.053     0.044    -0.094 -0.7615E+06   0.2683E+06
    84.000    66.000  -241.691     0.006    -0.015 -0.1892E+06  -0.4716E+06
    90.000     0.000  -179.671    -0.005    -0.075  0.1149E+06   0.5908E+06
    90.000     6.000  -185.309     0.002    -0.054  0.9770E+05   0.2323E+06
    90.000    12.000  -190.947     0.001    -0.002  0.1588E+06  -0.4193E+06
    90.000    18.000  -196.585     0.003    -0.005  0.1047E+06  -0.2597E+06
    90.000    24.000  -202.224     0.000    -0.001 -0.4221E+05  -0.6416E+06
    90.000    30.000  -207.862    -0.053    -0.102  0.6855E+06   0.8881E+06
    90.000    36.000  -213.500    -0.008    -0.037  0.1959E+05  -0.3900E+06
    90.000    42.000  -219.138    -0.017    -0.059  0.3044E+06   0.4469E+05
    90.000    48.000  -224.776     0.008    -0.071 -0.1803E+06  -0.1346E+06
    90.000    54.000  -230.414    -0.071    -0.170  0.1128E+07   0.1529E+07
    90.000    60.000  -236.053     0.017    -0.049 -0.2919E+06  -0.2838E+06
    90.000    66.000  -241.691    -0.004    -0.022  0.1102E+04  -0.1472E+06
    96.000     0.000  -179.671    -0.036    -0.106  0.6021E+06   0.1083E+07
    96.000     6.000  -185.309    -0.006    -0.068  0.1227E+06   0.4165E+06
    96.000    12.000  -190.947     0.002    -0.012  0.3671E+05  -0.2136E+06
    96.000    18.000  -196.585    -0.000    -0.001  0.7804E+05  -0.2147E+06
    96.000    24.000  -202.224    -0.002    -0.006  0.8602E+05  -0.1538E+06
    96.000    30.000  -207.862     0.007    -0.019 -0.2362E+06  -0.4459E+05
    96.000    36.000  -213.500    -0.009    -0.023  0.5804E+05  -0.5882E+05
    96.000    42.000  -219.138     0.006    -0.015 -0.1462E+06  -0.2255E+06
    96.000    48.000  -224.776     0.005    -0.021 -0.6769E+05  -0.2986E+06
    96.000    54.000  -230.414     0.016    -0.084 -0.4742E+06   0.6743E+06
    96.000    60.000  -236.053    -0.006    -0.033 -0.3089E+05  -0.1432E+06
    96.000    66.000  -241.691     0.009    -0.025 -0.2466E+06   0.4458E+05
