     0.000     0.000  -161.647    -1.136    -0.629  0.1218E+08   0.4680E+07
     0.000     7.000  -167.991    -0.329    -0.865  0.2543E+07   0.7224E+07
     0.000    14.000  -174.335     0.095    -0.536 -0.1520E+07   0.3056E+07
     0.000    21.000  -180.679     0.049    -0.228 -0.7566E+06   0.4096E+06
     0.000    28.000  -187.024    -0.002    -0.069 -0.2673E+06  -0.4853E+06
     0.000    35.000  -193.368     0.010    -0.041 -0.4097E+06  -0.9612E+05
     0.000    42.000  -199.712     0.000    -0.000 -0.2804E+06  -0.4216E+06
     0.000    49.000  -206.056     0.000    -0.000 -0.3331E+06  -0.2415E+06
     0.000    56.000  -212.400    -0.012    -0.009 -0.1788E+06  -0.5835E+05
     0.000    63.000  -218.744    -0.009    -0.008 -0.1409E+06  -0.1303E+06
     0.000    70.000  -225.089    -0.008    -0.031 -0.5768E+05   0.1760E+06
     0.000    77.000  -231.433    -0.011    -0.027  0.2711E+05   0.4550E+05
     0.000    84.000  -237.777    -0.035    -0.030  0.2620E+06   0.1439E+05
     0.000    91.000  -244.121    -0.092    -0.048  0.9590E+06   0.3267E+06
     0.000    98.000  -250.465    -0.049    -0.021  0.5326E+06  -0.1729E+05
     0.000   105.000  -256.809    -0.007    -0.012  0.4920E+05  -0.2289E+05
     0.000   112.000  -263.153     0.000    -0.000  0.2010E+05  -0.1303E+06
     7.000     0.000  -161.647    -0.643    -0.571  0.4534E+07   0.4345E+07
     7.000     7.000  -167.991    -0.244    -0.571  0.9956E+06   0.2776E+07
     7.000    14.000  -174.335     0.028    -0.331 -0.9866E+06   0.4908E+06
     7.000    21.000  -180.679    -0.023    -0.155 -0.2655E+06  -0.2587E+06
     7.000    28.000  -187.024    -0.038    -0.042 -0.1279E+06  -0.9211E+06
     7.000    35.000  -193.368     0.006    -0.082 -0.6148E+06   0.3826E+06
     7.000    42.000  -199.712    -0.001    -0.003 -0.5226E+06  -0.5702E+06
     7.000    49.000  -206.056    -0.000    -0.001 -0.5322E+06  -0.3445E+06
     7.000    56.000  -212.400    -0.017    -0.024 -0.2681E+06   0.9522E+05
     7.000    63.000  -218.744    -0.003    -0.003 -0.3535E+06  -0.3304E+06
     7.000    70.000  -225.089     0.004    -0.049 -0.3079E+06   0.3905E+06
     7.000    77.000  -231.433    -0.004    -0.022 -0.1126E+06  -0.1045E+06
     7.000    84.000  -237.777    -0.011    -0.013 -0.1564E+06  -0.3341E+06
     7.000    91.000  -244.121    -0.061    -0.087  0.4666E+06   0.8275E+06
     7.000    98.000  -250.465    -0.017    -0.015 -0.3943E+04  -0.3288E+06
     7.000   105.000  -256.809    -0.007    -0.012  0.1034E+05  -0.1562E+06
     7.000   112.000  -263.153    -0.001    -0.015 -0.1373E+05   0.1244E+05
    14.000     0.000  -161.647    -0.193    -0.384  0.4029E+06   0.3228E+07
    14.000     7.000  -167.991    -0.083    -0.267 -0.5423E+06   0.7353E+06
    14.000    14.000  -174.335     0.001    -0.011 -0.8173E+06  -0.2227E+07
    14.000    21.000  -180.679    -0.056    -0.071 -0.1472E+05  -0.2773E+06
    14.000    28.000  -187.024    -0.049    -0.038 -0.1596E+06  -0.5716E+06
    14.000    35.000  -193.368    -0.012    -0.012 -0.6731E+06  -0.7117E+06
    14.000    42.000  -199.712     0.000    -0.005 -0.1005E+07  -0.5837E+06
    14.000    49.000  -206.056    -0.002    -0.003 -0.9064E+06  -0.4210E+06
    14.000    56.000  -212.400    -0.000    -0.006 -0.8499E+06  -0.2515E+06
    14.000    63.000  -218.744    -0.003    -0.018 -0.5297E+06  -0.1162E+06
    14.000    70.000  -225.089    -0.013    -0.053 -0.1093E+06   0.4292E+06
    14.000    77.000  -231.433     0.001    -0.009 -0.1804E+06  -0.3716E+06
    14.000    84.000  -237.777    -0.035    -0.055  0.3803E+06   0.3715E+06
    14.000    91.000  -244.121    -0.005    -0.011 -0.1782E+06  -0.4479E+06
    14.000    98.000  -250.465    -0.004    -0.033 -0.8736E+05  -0.2728E+05
    14.000   105.000  -256.809    -0.020    -0.016  0.2706E+06  -0.2133E+06
    14.000   112.000  -263.153    -0.018    -0.016  0.2175E+06  -0.4177E+05
    21.000     0.000  -161.647     0.005    -0.104 -0.9298E+06   0.4843E+06
    21.000     7.000  -167.991    -0.012    -0.055 -0.8056E+06  -0.5642E+06
    21.000    14.000  -174.335    -0.010    -0.012 -0.5827E+06  -0.9083E+06
    21.000    21.000  -180.679    -0.000    -0.002 -0.8068E+06  -0.8869E+06
    21.000    28.000  -187.024     0.000    -0.007 -0.1042E+07  -0.8986E+06
    21.000    35.000  -193.368    -0.003    -0.006 -0.1282E+07  -0.1072E+07
    21.000    42.000  -199.712    -0.035    -0.041 -0.1176E+07  -0.5023E+06
    21.000    49.000  -206.056    -0.007    -0.006 -0.1821E+07  -0.8440E+06
    21.000    56.000  -212.400    -0.000    -0.002 -0.1716E+07  -0.5030E+06
    21.000    63.000  -218.744    -0.001    -0.001 -0.1050E+07  -0.2803E+06
    21.000    70.000  -225.089    -0.002    -0.004 -0.4108E+06  -0.2415E+06
    21.000    77.000  -231.433    -0.006    -0.005  0.3833E+05  -0.3093E+06
    21.000    84.000  -237.777    -0.003    -0.004  0.3469E+05  -0.5198E+06
    21.000    91.000  -244.121    -0.005    -0.055  0.8949E+05   0.4490E+05
    21.000    98.000  -250.465    -0.025    -0.093  0.3287E+06   0.6577E+06
    21.000   105.000  -256.809    -0.000    -0.004 -0.1172E+04  -0.6008E+06
    21.000   112.000  -263.153    -0.017    -0.012  0.2425E+06  -0.1720E+06
    28.000     0.000  -161.647     0.000    -0.000 -0.2596E+06  -0.5102E+06
    28.000     7.000  -167.991    -0.006    -0.022 -0.4142E+06  -0.3456E+06
    28.000    14.000  -174.335    -0.007    -0.006 -0.5342E+06  -0.7454E+06
    28.000    21.000  -180.679    -0.000    -0.005 -0.7122E+06  -0.9061E+06
    28.000    28.000  -187.024    -0.003    -0.008 -0.1068E+07  -0.1268E+07
    28.000    35.000  -193.368    -0.031    -0.039 -0.1486E+07  -0.1274E+07
    28.000    42.000  -199.712    -0.016    -0.015 -0.3270E+07  -0.2364E+07
    28.000    49.000  -206.056    -0.002    -0.008 -0.5927E+07  -0.2635E+07
    28.000    56.000  -212.400    -0.000    -0.000 -0.6145E+07  -0.2068E+07
    28.000    63.000  -218.744    -0.000    -0.003 -0.3218E+07  -0.1143E+07
    28.000    70.000  -225.089    -0.003    -0.006 -0.4748E+06  -0.7827E+06
    28.000    77.000  -231.433     0.000    -0.006  0.2004E+06  -0.7179E+06
    28.000    84.000  -237.777    -0.001    -0.002  0.3162E+06  -0.7537E+06
    28.000    91.000  -244.121    -0.000    -0.003  0.1885E+06  -0.6979E+06
    28.000    98.000  -250.465     0.001    -0.015 -0.1279E+05  -0.6793E+06
    28.000   105.000  -256.809     0.014    -0.104 -0.2779E+06   0.8290E+06
    28.000   112.000  -263.153    -0.003    -0.004  0.3627E+05  -0.5508E+06
    35.000     0.000  -161.647     0.000    -0.000 -0.1958E+06  -0.4110E+06
    35.000     7.000  -167.991     0.001    -0.007 -0.3467E+06  -0.5108E+06
    35.000    14.000  -174.335    -0.024    -0.021 -0.1625E+06  -0.5594E+06
    35.000    21.000  -180.679    -0.001    -0.006 -0.7223E+06  -0.1172E+07
    35.000    28.000  -187.024    -0.001    -0.003 -0.1341E+07  -0.1937E+07
    35.000    35.000  -193.368    -0.005    -0.005 -0.3335E+07  -0.3682E+07
    35.000    42.000  -199.712    -0.007    -0.005 -0.8889E+07  -0.7055E+07
    35.000    49.000  -206.056    -0.630    -0.490 -0.6410E+07  -0.2470E+07
    35.000    56.000  -212.400    -0.891    -0.769 -0.3313E+07   0.4240E+06
    35.000    63.000  -218.744    -0.411    -0.735 -0.4370E+07   0.2209E+07
    35.000    70.000  -225.089    -0.010    -0.018 -0.2013E+07  -0.5533E+07
    35.000    77.000  -231.433    -0.000    -0.001  0.1039E+07  -0.2784E+07
    35.000    84.000  -237.777    -0.000    -0.000  0.5951E+06  -0.1641E+07
    35.000    91.000  -244.121    -0.012    -0.009  0.5042E+06  -0.9683E+06
    35.000    98.000  -250.465    -0.004    -0.006  0.2195E+06  -0.9239E+06
    35.000   105.000  -256.809    -0.035    -0.064  0.4066E+06   0.9003E+05
    35.000   112.000  -263.153    -0.002    -0.007 -0.2256E+06  -0.6024E+06
    42.000     0.000  -161.647     0.000    -0.000 -0.1597E+06  -0.4304E+06
    42.000     7.000  -167.991    -0.001    -0.010 -0.2361E+06  -0.4602E+06
    42.000    14.000  -174.335    -0.003    -0.004 -0.4123E+06  -0.8812E+06
    42.000    21.000  -180.679    -0.004    -0.004 -0.6272E+06  -0.1449E+07
    42.000    28.000  -187.024    -0.001    -0.002 -0.1423E+07  -0.2804E+07
    42.000    35.000  -193.368    -0.002    -0.002 -0.4941E+07  -0.8005E+07
    42.000    42.000  -199.712    -0.997    -0.825 -0.1704E+07  -0.3482E+07
    42.000    49.000  -206.056    -2.519    -1.844  0.1016E+08   0.2210E+07
    42.000    56.000  -212.400    -2.864    -3.029  0.1481E+08   0.1310E+08
    42.000    63.000  -218.744    -2.187    -3.266  0.1545E+08   0.1698E+08
    42.000    70.000  -225.089    -0.673    -2.109  0.5341E+07   0.9360E+07
    42.000    77.000  -231.433    -0.005    -0.028  0.1119E+07  -0.1124E+08
    42.000    84.000  -237.777    -0.013    -0.010  0.1035E+07  -0.3388E+07
    42.000    91.000  -244.121    -0.002    -0.004  0.3065E+06  -0.1730E+07
    42.000    98.000  -250.465    -0.002    -0.003  0.1710E+06  -0.1120E+07
    42.000   105.000  -256.809    -0.024    -0.031  0.2413E+06  -0.7883E+06
    42.000   112.000  -263.153    -0.092    -0.185  0.1167E+07   0.1820E+07
    49.000     0.000  -161.647     0.000    -0.000 -0.1378E+06  -0.4283E+06
    49.000     7.000  -167.991    -0.001    -0.003 -0.1853E+06  -0.5825E+06
    49.000    14.000  -174.335    -0.004    -0.004 -0.2411E+06  -0.9341E+06
    49.000    21.000  -180.679    -0.000    -0.009 -0.5235E+06  -0.1557E+07
    49.000    28.000  -187.024    -0.000    -0.000 -0.1262E+07  -0.3470E+07
    49.000    35.000  -193.368    -0.006    -0.012 -0.5703E+07  -0.1111E+08
    49.000    42.000  -199.712    -2.102    -1.494  0.8174E+07  -0.2773E+07
    49.000    49.000  -206.056    -3.489    -3.781  0.1511E+08   0.1388E+08
    49.000    56.000  -212.400    -3.522    -5.658  0.1727E+08   0.2804E+08
    49.000    63.000  -218.744    -2.151    -6.177  0.1060E+08   0.3507E+08
    49.000    70.000  -225.089    -1.015    -4.132  0.7899E+07   0.1997E+08
    49.000    77.000  -231.433    -0.177    -0.504  0.2387E+07  -0.1474E+08
    49.000    84.000  -237.777    -0.008    -0.006  0.6373E+06  -0.6729E+07
    49.000    91.000  -244.121    -0.032    -0.025  0.6207E+06  -0.2190E+07
    49.000    98.000  -250.465    -0.005    -0.006  0.1185E+06  -0.1308E+07
    49.000   105.000  -256.809    -0.003    -0.004  0.2193E+04  -0.8487E+06
    49.000   112.000  -263.153    -0.003    -0.010 -0.2324E+06  -0.5310E+06
    56.000     0.000  -161.647     0.000    -0.000 -0.1904E+06  -0.4574E+06
    56.000     7.000  -167.991    -0.000    -0.003 -0.1492E+06  -0.6086E+06
    56.000    14.000  -174.335     0.000    -0.009 -0.2258E+06  -0.8475E+06
    56.000    21.000  -180.679    -0.002    -0.002 -0.2823E+06  -0.1651E+07
    56.000    28.000  -187.024    -0.003    -0.003 -0.7804E+06  -0.3521E+07
    56.000    35.000  -193.368    -0.013    -0.037 -0.4880E+07  -0.1201E+08
    56.000    42.000  -199.712    -2.480    -2.081  0.1408E+08   0.1444E+07
    56.000    49.000  -206.056    -4.031    -5.014  0.2597E+08   0.2332E+08
    56.000    56.000  -212.400    -3.454    -6.778  0.2046E+08   0.3263E+08
    56.000    63.000  -218.744    -1.542    -7.255  0.5452E+07   0.4015E+08
    56.000    70.000  -225.089    -0.459    -4.853 -0.9334E+06   0.2238E+08
    56.000    77.000  -231.433    -0.052    -0.988 -0.1938E+07  -0.1205E+08
    56.000    84.000  -237.777    -0.008    -0.054 -0.6284E+06  -0.7950E+07
    56.000    91.000  -244.121    -0.002    -0.003 -0.2895E+06  -0.2946E+07
    56.000    98.000  -250.465    -0.000    -0.009 -0.1648E+06  -0.1355E+07
    56.000   105.000  -256.809    -0.003    -0.003 -0.7005E+05  -0.9120E+06
    56.000   112.000  -263.153     0.001    -0.024 -0.1285E+06  -0.2629E+06
    63.000     0.000  -161.647    -0.018    -0.042 -0.2072E+06  -0.1781E+05
    63.000     7.000  -167.991    -0.001    -0.001 -0.2626E+06  -0.7870E+06
    63.000    14.000  -174.335    -0.016    -0.014  0.1422E+06  -0.7546E+06
    63.000    21.000  -180.679     0.000    -0.007 -0.1092E+06  -0.1409E+07
    63.000    28.000  -187.024     0.000    -0.011 -0.3273E+06  -0.2810E+07
    63.000    35.000  -193.368    -0.007    -0.005 -0.2918E+07  -0.1072E+08
    63.000    42.000  -199.712    -1.756    -2.020  0.9722E+07   0.4628E+07
    63.000    49.000  -206.056    -2.348    -4.307  0.9645E+07   0.1876E+08
    63.000    56.000  -212.400    -1.820    -5.736  0.5561E+07   0.2595E+08
    63.000    63.000  -218.744    -0.482    -5.997 -0.3876E+07   0.3210E+08
    63.000    70.000  -225.089    -0.142    -3.529 -0.3846E+07   0.1243E+08
    63.000    77.000  -231.433    -0.105    -0.205 -0.2297E+07  -0.1753E+08
    63.000    84.000  -237.777    -0.001    -0.012 -0.1703E+07  -0.5982E+07
    63.000    91.000  -244.121    -0.000    -0.001 -0.7191E+06  -0.2607E+07
    63.000    98.000  -250.465    -0.009    -0.013 -0.2288E+06  -0.1208E+07
    63.000   105.000  -256.809    -0.000    -0.000 -0.1945E+06  -0.9553E+06
    63.000   112.000  -263.153    -0.010    -0.036  0.1541E+05  -0.8416E+05
    70.000     0.000  -161.647    -0.091    -0.114  0.7021E+06   0.6102E+06
    70.000     7.000  -167.991    -0.051    -0.135  0.2879E+06   0.8032E+06
    70.000    14.000  -174.335     0.003    -0.017 -0.2837E+06  -0.9223E+06
    70.000    21.000  -180.679    -0.001    -0.005  0.2785E+05  -0.1135E+07
    70.000    28.000  -187.024    -0.001    -0.001  0.3668E+05  -0.2039E+07
    70.000    35.000  -193.368    -0.004    -0.006 -0.7079E+06  -0.6555E+07
    70.000    42.000  -199.712    -0.746    -1.252  0.3646E+07   0.2743E+07
    70.000    49.000  -206.056    -1.242    -2.700  0.6642E+07   0.1189E+08
    70.000    56.000  -212.400    -0.707    -3.299  0.4504E+06   0.1296E+08
    70.000    63.000  -218.744     0.154    -3.038 -0.8020E+07   0.1218E+08
    70.000    70.000  -225.089     0.246    -1.533 -0.8811E+07   0.8398E+06
    70.000    77.000  -231.433    -0.019    -0.021 -0.3745E+07  -0.1067E+08
    70.000    84.000  -237.777    -0.004    -0.015 -0.1614E+07  -0.3604E+07
    70.000    91.000  -244.121    -0.032    -0.024 -0.3714E+06  -0.1701E+07
    70.000    98.000  -250.465    -0.013    -0.021 -0.3493E+06  -0.9686E+06
    70.000   105.000  -256.809    -0.004    -0.004 -0.2964E+06  -0.7906E+06
    70.000   112.000  -263.153    -0.007    -0.008 -0.8396E+05  -0.4408E+06
    77.000     0.000  -161.647    -0.086    -0.076  0.4654E+06   0.1931E+06
    77.000     7.000  -167.991    -0.053    -0.050  0.4290E+05  -0.4738E+06
    77.000    14.000  -174.335    -0.052    -0.072  0.5138E+06   0.5196E+05
    77.000    21.000  -180.679    -0.000    -0.001 -0.3082E+05  -0.1021E+07
    77.000    28.000  -187.024    -0.002    -0.005  0.1206E+06  -0.1146E+07
    77.000    35.000  -193.368    -0.003    -0.003  0.1378E+06  -0.1997E+07
    77.000    42.000  -199.712    -0.005    -0.025 -0.2039E+07  -0.4328E+07
    77.000    49.000  -206.056     0.053    -0.357 -0.5140E+07  -0.3878E+07
    77.000    56.000  -212.400     0.118    -0.798 -0.5699E+07  -0.1036E+06
    77.000    63.000  -218.744     0.073    -0.539 -0.3799E+07  -0.2800E+07
    77.000    70.000  -225.089    -0.027    -0.029 -0.2528E+07  -0.6624E+07
    77.000    77.000  -231.433    -0.029    -0.023 -0.2156E+07  -0.3292E+07
    77.000    84.000  -237.777    -0.002    -0.003 -0.1304E+07  -0.2087E+07
    77.000    91.000  -244.121    -0.003    -0.006 -0.7707E+06  -0.1314E+07
    77.000    98.000  -250.465    -0.018    -0.016 -0.3267E+06  -0.8706E+06
    77.000   105.000  -256.809    -0.035    -0.040  0.9144E+05  -0.2555E+06
    77.000   112.000  -263.153    -0.003    -0.022 -0.1388E+06  -0.3060E+06
    84.000     0.000  -161.647    -0.054    -0.092  0.4414E+05   0.2209E+06
    84.000     7.000  -167.991    -0.080    -0.173  0.3687E+06   0.1297E+07
    84.000    14.000  -174.335    -0.001    -0.002 -0.7118E+06  -0.1170E+07
    84.000    21.000  -180.679    -0.003    -0.012 -0.7034E+05  -0.6329E+06
    84.000    28.000  -187.024    -0.012    -0.027  0.1587E+06  -0.4309E+06
    84.000    35.000  -193.368    -0.005    -0.004  0.7113E+05  -0.9201E+06
    84.000    42.000  -199.712    -0.007    -0.007 -0.8519E+05  -0.1234E+07
    84.000    49.000  -206.056    -0.004    -0.009 -0.2990E+06  -0.1915E+07
    84.000    56.000  -212.400     0.002    -0.022 -0.8025E+06  -0.2194E+07
    84.000    63.000  -218.744    -0.002    -0.018 -0.1431E+07  -0.2105E+07
    84.000    70.000  -225.089    -0.005    -0.009 -0.1676E+07  -0.1764E+07
    84.000    77.000  -231.433    -0.002    -0.004 -0.1355E+07  -0.1446E+07
    84.000    84.000  -237.777    -0.008    -0.009 -0.8051E+06  -0.1046E+07
    84.000    91.000  -244.121    -0.000    -0.001 -0.6142E+06  -0.9330E+06
    84.000    98.000  -250.465    -0.008    -0.009 -0.4036E+06  -0.8491E+06
    84.000   105.000  -256.809    -0.024    -0.100 -0.1125E+06   0.6443E+06
    84.000   112.000  -263.153     0.002    -0.024 -0.2493E+06  -0.3877E+06
    91.000     0.000  -161.647    -0.010    -0.031 -0.1173E+07  -0.7662E+06
    91.000     7.000  -167.991    -0.012    -0.036 -0.1224E+07  -0.1159E+07
    91.000    14.000  -174.335    -0.125    -0.141  0.1002E+07   0.5680E+06
    91.000    21.000  -180.679    -0.001    -0.003 -0.3591E+06  -0.1289E+07
    91.000    28.000  -187.024    -0.017    -0.013  0.1770E+06  -0.6204E+06
    91.000    35.000  -193.368    -0.004    -0.005 -0.7253E+05  -0.6510E+06
    91.000    42.000  -199.712    -0.008    -0.008  0.5649E+03  -0.5640E+06
    91.000    49.000  -206.056    -0.004    -0.005 -0.2171E+06  -0.6513E+06
    91.000    56.000  -212.400    -0.001    -0.002 -0.5053E+06  -0.7157E+06
    91.000    63.000  -218.744    -0.000    -0.000 -0.7888E+06  -0.7799E+06
    91.000    70.000  -225.089    -0.007    -0.008 -0.7602E+06  -0.7076E+06
    91.000    77.000  -231.433    -0.002    -0.012 -0.7424E+06  -0.6398E+06
    91.000    84.000  -237.777    -0.005    -0.007 -0.5550E+06  -0.6484E+06
    91.000    91.000  -244.121     0.002    -0.011 -0.4971E+06  -0.5705E+06
    91.000    98.000  -250.465    -0.011    -0.035 -0.2696E+06  -0.2087E+06
    91.000   105.000  -256.809    -0.018    -0.030 -0.1539E+06  -0.3052E+06
    91.000   112.000  -263.153    -0.001    -0.050 -0.2109E+06   0.1914E+06
    98.000     0.000  -161.647    -0.156    -0.304 -0.7259E+06   0.1315E+07
    98.000     7.000  -167.991    -0.124    -0.336 -0.1230E+07   0.6462E+06
    98.000    14.000  -174.335    -0.024    -0.418 -0.2148E+07   0.2155E+07
    98.000    21.000  -180.679    -0.100    -0.194  0.4470E+06  -0.3947E+06
    98.000    28.000  -187.024    -0.003    -0.007 -0.2623E+06  -0.2079E+07
    98.000    35.000  -193.368    -0.043    -0.046  0.5710E+06  -0.5960E+06
    98.000    42.000  -199.712    -0.003    -0.006  0.7217E+05  -0.8659E+06
    98.000    49.000  -206.056    -0.001    -0.002 -0.1066E+06  -0.6422E+06
    98.000    56.000  -212.400    -0.002    -0.007 -0.3492E+06  -0.4482E+06
    98.000    63.000  -218.744    -0.004    -0.007 -0.4313E+06  -0.5029E+06
    98.000    70.000  -225.089     0.002    -0.040 -0.5651E+06  -0.1154E+05
    98.000    77.000  -231.433    -0.002    -0.002 -0.5090E+06  -0.6148E+06
    98.000    84.000  -237.777    -0.003    -0.011 -0.3654E+06  -0.3583E+06
    98.000    91.000  -244.121    -0.004    -0.004 -0.2805E+06  -0.4864E+06
    98.000    98.000  -250.465    -0.024    -0.026 -0.9070E+04  -0.1540E+06
    98.000   105.000  -256.809    -0.031    -0.036  0.1170E+06   0.1672E+04
    98.000   112.000  -263.153    -0.002    -0.014 -0.1843E+06  -0.2217E+06
   105.000     0.000  -161.647    -0.587    -0.638  0.4301E+07   0.4281E+07
   105.000     7.000  -167.991    -0.603    -0.716  0.5117E+07   0.3020E+07
   105.000    14.000  -174.335    -0.475    -0.836  0.3981E+07   0.4478E+07
   105.000    21.000  -180.679    -0.155    -0.784  0.5697E+06   0.4553E+07
   105.000    28.000  -187.024    -0.076    -0.488  0.3459E+06   0.1575E+07
   105.000    35.000  -193.368    -0.005    -0.315 -0.7128E+06   0.9419E+06
   105.000    42.000  -199.712     0.016    -0.176 -0.2792E+06   0.3085E+06
   105.000    49.000  -206.056     0.001    -0.022 -0.1371E+06  -0.1154E+07
   105.000    56.000  -212.400    -0.024    -0.018  0.1279E+06  -0.6140E+06
   105.000    63.000  -218.744    -0.023    -0.025  0.3888E+05  -0.3827E+06
   105.000    70.000  -225.089    -0.004    -0.019 -0.1912E+06  -0.5019E+06
   105.000    77.000  -231.433    -0.030    -0.080  0.6643E+05   0.5601E+06
   105.000    84.000  -237.777    -0.003    -0.015 -0.2891E+06  -0.3607E+06
   105.000    91.000  -244.121    -0.002    -0.004 -0.2478E+06  -0.3593E+06
   105.000    98.000  -250.465    -0.006    -0.012 -0.2028E+06  -0.2159E+06
   105.000   105.000  -256.809    -0.005    -0.013 -0.2552E+06  -0.2199E+06
   105.000   112.000  -263.153    -0.004    -0.010 -0.1730E+06  -0.1759E+06
   112.000     0.000  -161.647    -0.750    -0.857  0.7850E+07   0.8009E+07
   112.000     7.000  -167.991    -0.389    -0.740  0.2223E+07   0.3698E+07
   112.000    14.000  -174.335    -0.406    -0.673  0.3131E+07   0.2685E+07
   112.000    21.000  -180.679    -0.135    -0.663  0.3934E+06   0.3287E+07
   112.000    28.000  -187.024    -0.100    -0.510  0.4070E+06   0.2300E+07
   112.000    35.000  -193.368    -0.215    -0.288  0.2404E+07   0.2163E+05
   112.000    42.000  -199.712     0.056    -0.397 -0.1111E+07   0.2930E+07
   112.000    49.000  -206.056    -0.030    -0.210  0.2016E+06   0.6603E+06
   112.000    56.000  -212.400     0.019    -0.163 -0.5205E+06   0.5884E+06
   112.000    63.000  -218.744    -0.016    -0.204 -0.4822E+05   0.1766E+07
   112.000    70.000  -225.089     0.005    -0.036 -0.3039E+06  -0.4300E+06
   112.000    77.000  -231.433    -0.006    -0.010 -0.2252E+06  -0.3366E+06
   112.000    84.000  -237.777    -0.007    -0.012 -0.1653E+06  -0.1973E+06
   112.000    91.000  -244.121     0.001    -0.011 -0.2098E+06  -0.2389E+06
   112.000    98.000  -250.465     0.004    -0.044 -0.2491E+06   0.2391E+06
   112.000   105.000  -256.809    -0.016    -0.035  0.2752E+05   0.3488E+05
   112.000   112.000  -263.153    -0.024    -0.047  0.1627E+06   0.3395E+06
