     0.000     0.000    -4.331     0.396     0.121 -0.1991E+07  -0.9543E+06
     0.000     3.420    -7.609     0.246    -0.035 -0.9509E+05   0.6320E+06
     0.000     6.830   -10.877     0.040    -0.025  0.1949E+07   0.1806E+06
     0.000    10.300   -14.202     0.000    -0.000  0.2163E+07   0.1871E+06
     0.000    13.700   -17.460     0.000    -0.000  0.2312E+07   0.2736E+07
     0.000    17.100   -20.719     0.234     1.015 -0.1520E+07  -0.4773E+07
     0.000    20.500   -23.977    -1.752     1.751  0.1588E+08  -0.1280E+08
     4.850     0.000    -4.331     0.066     0.015  0.1538E+07  -0.2551E+06
     4.850     3.420    -7.609     0.405    -0.021 -0.8611E+05  -0.6219E+06
     4.850     6.830   -10.877     0.800    -0.390 -0.2440E+07   0.2635E+07
     4.850    10.300   -14.202     0.587    -0.325  0.2822E+06   0.2064E+07
     4.850    13.700   -17.460     0.459    -0.008  0.1473E+07   0.1618E+07
     4.850    17.100   -20.719     0.925     0.958 -0.3948E+07  -0.3975E+07
     4.850    20.500   -23.977     0.478     1.915 -0.1872E+07  -0.1433E+08
     9.700     0.000    -4.331     0.000    -0.000  0.2198E+07  -0.7091E+06
     9.700     3.420    -7.609     0.543    -0.156 -0.6205E+06  -0.5264E+06
     9.700     6.830   -10.877     1.253    -0.752 -0.4393E+07   0.4376E+07
     9.700    10.300   -14.202     1.692    -0.938 -0.6725E+07   0.6153E+07
     9.700    13.700   -17.460     1.558    -0.388 -0.5449E+07   0.1781E+07
     9.700    17.100   -20.719     1.030    -0.145 -0.1507E+07   0.2712E+07
     9.700    20.500   -23.977     1.188     0.554 -0.5467E+07  -0.3950E+07
    14.500     0.000    -4.331     0.000    -0.000  0.2033E+07  -0.3744E+06
    14.500     3.420    -7.609     0.129     0.030  0.2611E+07  -0.1325E+07
    14.500     6.830   -10.877     0.699    -0.174 -0.3794E+06   0.6980E+05
    14.500    10.300   -14.202     1.136    -0.436 -0.2339E+07   0.3513E+07
    14.500    13.700   -17.460     1.338     0.236 -0.3679E+07  -0.1783E+07
    14.500    17.100   -20.719     0.965     0.727 -0.7474E+06  -0.4924E+07
    14.500    20.500   -23.977     0.970     0.606 -0.3065E+07  -0.3670E+07
    19.400     0.000    -4.331     0.000    -0.000  0.2389E+07   0.5746E+05
    19.400     3.420    -7.609     0.055     0.033  0.2558E+07  -0.2940E+06
    19.400     6.830   -10.877     0.119     0.111  0.3099E+07  -0.1285E+07
    19.400    10.300   -14.202     0.351     0.049  0.2180E+07  -0.8170E+06
    19.400    13.700   -17.460     0.630    -0.122  0.6327E+06   0.1248E+07
    19.400    17.100   -20.719     1.034    -0.054 -0.3191E+07   0.1270E+07
    19.400    20.500   -23.977     0.768     0.310 -0.2250E+07  -0.2479E+07
    24.200     0.000    -4.331     0.000    -0.000  0.4923E+07   0.1149E+07
    24.200     3.420    -7.609     0.119     0.077  0.4454E+07  -0.3666E+06
    24.200     6.830   -10.877     0.040    -0.007  0.5470E+07  -0.1375E+06
    24.200    10.300   -14.202     0.104     0.007  0.5041E+07  -0.7179E+06
    24.200    13.700   -17.460     0.183     0.078  0.4198E+07  -0.1240E+07
    24.200    17.100   -20.719     0.294     0.183  0.2002E+07  -0.2084E+07
    24.200    20.500   -23.977     0.000    -0.000  0.3334E+07   0.2402E+06
    29.100     0.000    -4.331     1.254     0.667  0.1832E+07  -0.3218E+07
    29.100     3.420    -7.609     1.349     0.000  0.3664E+07   0.1560E+07
    29.100     6.830   -10.877     1.204    -0.391  0.4348E+07   0.1806E+07
    29.100    10.300   -14.202     1.065    -0.802  0.3536E+07   0.5014E+07
    29.100    13.700   -17.460     0.844    -0.104  0.2350E+07  -0.2325E+07
    29.100    17.100   -20.719     0.048     0.012  0.5980E+07  -0.1848E+07
    29.100    20.500   -23.977     0.000    -0.000  0.3094E+07  -0.9275E+06
    33.900     0.000    -4.331     4.295     1.231 -0.1286E+08  -0.6691E+07
    33.900     3.420    -7.609     4.507     0.394 -0.8086E+07  -0.7321E+06
    33.900     6.830   -10.877     4.119    -0.360 -0.6198E+07   0.1766E+07
    33.900    10.300   -14.202     3.251    -0.691 -0.3613E+07   0.1413E+07
    33.900    13.700   -17.460     2.252    -0.731 -0.1492E+07   0.1566E+07
    33.900    17.100   -20.719     0.927    -0.231  0.2914E+07  -0.2227E+07
    33.900    20.500   -23.977     0.000    -0.000  0.5621E+07  -0.2569E+07
    38.800     0.000    -4.331     6.944     1.099 -0.2351E+08  -0.5907E+07
    38.800     3.420    -7.609     7.131     0.374 -0.1435E+08  -0.1323E+07
    38.800     6.830   -10.877     7.226    -0.505 -0.1779E+08   0.8359E+06
    38.800    10.300   -14.202     5.658    -1.729 -0.1159E+08   0.7753E+07
    38.800    13.700   -17.460     3.743    -1.825 -0.4904E+07   0.6271E+07
    38.800    17.100   -20.719     2.011    -1.356 -0.4444E+06   0.3894E+07
    38.800    20.500   -23.977     0.582    -0.454  0.3544E+07  -0.1489E+07
    43.600     0.000    -4.331     8.212     1.008 -0.2672E+08  -0.5912E+07
    43.600     3.420    -7.609     7.970     0.417 -0.1132E+08  -0.2361E+07
    43.600     6.830   -10.877     8.065    -0.564 -0.1477E+08   0.1260E+07
    43.600    10.300   -14.202     6.429    -1.722 -0.9836E+07   0.6228E+07
    43.600    13.700   -17.460     4.200    -2.424 -0.2891E+07   0.1061E+08
    43.600    17.100   -20.719     2.567    -1.796 -0.1956E+07   0.5898E+07
    43.600    20.500   -23.977     0.854    -0.825  0.2705E+07   0.1035E+07
    48.500     0.000    -4.331     9.095     0.956 -0.2838E+08  -0.4787E+07
    48.500     3.420    -7.609     8.797     0.307 -0.1081E+08   0.3238E+06
    48.500     6.830   -10.877     9.173    -0.160 -0.1712E+08  -0.6562E+06
    48.500    10.300   -14.202     7.159    -1.262 -0.9810E+07   0.5379E+07
    48.500    13.700   -17.460     4.382    -1.681 -0.3699E+06   0.6930E+07
    48.500    17.100   -20.719     2.371    -1.156  0.1230E+07   0.3135E+07
    48.500    20.500   -23.977     0.524    -0.302  0.5502E+07  -0.1870E+07
    53.300     0.000    -4.331    10.096     1.598 -0.3247E+08  -0.8186E+07
    53.300     3.420    -7.609    10.007     1.051 -0.1545E+08  -0.2854E+07
    53.300     6.830   -10.877    10.196     0.356 -0.1968E+08  -0.3061E+06
    53.300    10.300   -14.202     8.295    -0.290 -0.1429E+08   0.1595E+07
    53.300    13.700   -17.460     5.240    -0.736 -0.4254E+07   0.3950E+07
    53.300    17.100   -20.719     2.426    -0.384  0.1949E+07   0.3865E+06
    53.300    20.500   -23.977     0.000    -0.000  0.1004E+08  -0.1948E+07
    58.200     0.000    -4.331    10.679     2.269 -0.3476E+08  -0.1204E+08
    58.200     3.420    -7.609    10.545     1.858 -0.1630E+08  -0.7255E+07
    58.200     6.830   -10.877    10.867     0.950 -0.2186E+08  -0.1592E+07
    58.200    10.300   -14.202     8.989     0.786 -0.1674E+08  -0.4426E+07
    58.200    13.700   -17.460     5.920     0.207 -0.7226E+07  -0.7676E+05
    58.200    17.100   -20.719     2.737     0.482  0.9804E+06  -0.4917E+07
    58.200    20.500   -23.977     0.000    -0.000  0.1063E+08   0.2446E+06
    63.000     0.000    -4.331    10.766     2.092 -0.3583E+08  -0.1255E+08
    63.000     3.420    -7.609    10.549     0.922 -0.1710E+08  -0.4818E+06
    63.000     6.830   -10.877    10.795     0.188 -0.2261E+08   0.2131E+07
    63.000    10.300   -14.202     8.835     0.000 -0.1644E+08  -0.5736E+06
    63.000    13.700   -17.460     5.929    -0.728 -0.7610E+07   0.4690E+07
    63.000    17.100   -20.719     2.816    -0.754  0.6885E+06   0.4620E+07
    63.000    20.500   -23.977     0.140    -0.043  0.9982E+07  -0.1801E+07
    67.900     0.000    -4.331    10.151     2.530 -0.3399E+08  -0.1613E+08
    67.900     3.420    -7.609     9.695     1.018 -0.1516E+08  -0.1426E+07
    67.900     6.830   -10.877     9.419    -0.164 -0.1692E+08   0.3072E+07
    67.900    10.300   -14.202     7.710    -1.083 -0.1254E+08   0.5877E+07
    67.900    13.700   -17.460     5.188    -1.685 -0.5257E+07   0.8691E+07
    67.900    17.100   -20.719     2.524    -1.577  0.1243E+07   0.8770E+07
    67.900    20.500   -23.977     0.385    -0.323  0.7099E+07  -0.1378E+07
    72.700     0.000    -4.331     8.922     3.603 -0.2867E+08  -0.2343E+08
    72.700     3.420    -7.609     8.495     1.960 -0.1236E+08  -0.6061E+07
    72.700     6.830   -10.877     7.787     0.681 -0.1024E+08  -0.2922E+07
    72.700    10.300   -14.202     6.342    -1.118 -0.7564E+07   0.7591E+07
    72.700    13.700   -17.460     4.154    -1.430 -0.1608E+07   0.6053E+07
    72.700    17.100   -20.719     2.093    -1.307  0.1721E+07   0.6231E+07
    72.700    20.500   -23.977     0.320    -0.331  0.6192E+07  -0.8957E+06
    77.600     0.000    -4.331     7.618     3.714 -0.2382E+08  -0.2389E+08
    77.600     3.420    -7.609     7.283     2.087 -0.9535E+07  -0.7227E+07
    77.600     6.830   -10.877     6.879     0.481 -0.9584E+07  -0.8516E+06
    77.600    10.300   -14.202     5.761    -1.015 -0.9375E+07   0.5241E+07
    77.600    13.700   -17.460     3.468    -1.843 -0.1300E+07   0.1070E+08
    77.600    17.100   -20.719     1.673    -0.966  0.1449E+07   0.3210E+07
    77.600    20.500   -23.977     0.082    -0.067  0.6435E+07  -0.2399E+07
    82.400     0.000    -4.331     6.589     2.796 -0.2133E+08  -0.1890E+08
    82.400     3.420    -7.609     6.662     1.174 -0.1184E+08  -0.2694E+07
    82.400     6.830   -10.877     6.566     0.000 -0.1440E+08  -0.2998E+06
    82.400    10.300   -14.202     4.855    -1.863 -0.8581E+07   0.1296E+08
    82.400    13.700   -17.460     2.513    -1.509  0.3100E+06   0.7523E+07
    82.400    17.100   -20.719     1.110    -0.615  0.1573E+07   0.1622E+07
    82.400    20.500   -23.977     0.000    -0.000  0.4966E+07  -0.1652E+07
    87.300     0.000    -4.331     4.874     1.968 -0.1512E+08  -0.1454E+08
    87.300     3.420    -7.609     4.945     0.607 -0.8013E+07  -0.1259E+07
    87.300     6.830   -10.877     4.757    -0.500 -0.9663E+07   0.4138E+07
    87.300    10.300   -14.202     2.811    -1.192 -0.1135E+07   0.8852E+07
    87.300    13.700   -17.460     0.927    -0.337  0.5488E+07   0.1881E+06
    87.300    17.100   -20.719     0.034    -0.001  0.6243E+07  -0.9594E+06
    87.300    20.500   -23.977     0.000    -0.000  0.2754E+07   0.2827E+05
    92.100     0.000    -4.331     2.796     1.424 -0.6124E+07  -0.1067E+08
    92.100     3.420    -7.609     2.935     0.731 -0.2596E+07  -0.3412E+07
    92.100     6.830   -10.877     2.691    -0.141 -0.3332E+07   0.3100E+07
    92.100    10.300   -14.202     1.354    -0.095  0.1777E+07   0.1140E+07
    92.100    13.700   -17.460     0.267     0.077  0.5094E+07  -0.4835E+06
    92.100    17.100   -20.719     0.068     0.007  0.2877E+07   0.4342E+06
    92.100    20.500   -23.977     0.000    -0.000  0.1914E+07   0.2848E+06
    97.000     0.000    -4.331     1.124     0.572 -0.2351E+06  -0.4255E+07
    97.000     3.420    -7.609     1.381     0.370 -0.5791E+06  -0.1424E+07
    97.000     6.830   -10.877     0.901     0.143  0.2182E+07   0.1856E+06
    97.000    10.300   -14.202     0.192     0.007  0.4998E+07   0.1027E+07
    97.000    13.700   -17.460     0.051     0.013  0.3311E+07   0.5687E+06
    97.000    17.100   -20.719     0.087     0.002  0.1488E+07   0.4460E+06
    97.000    20.500   -23.977     0.000    -0.000  0.1489E+07   0.2933E+06
   102.000     0.000    -4.331     0.000    -0.000  0.4156E+07   0.1646E+06
   102.000     3.420    -7.609     0.059     0.015  0.4517E+07   0.2897E+06
   102.000     6.830   -10.877     0.102    -0.064  0.3718E+07   0.1362E+07
   102.000    10.300   -14.202     0.055     0.028  0.3015E+07   0.2030E+06
   102.000    13.700   -17.460     0.055     0.004  0.1932E+07   0.4110E+06
   102.000    17.100   -20.719     0.062     0.011  0.1322E+07   0.2146E+06
   102.000    20.500   -23.977     0.000    -0.000  0.1418E+07   0.2203E+06
   107.000     0.000    -4.331     0.000    -0.000  0.2854E+07   0.7890E+06
   107.000     3.420    -7.609     0.324    -0.034  0.7652E+06   0.1734E+07
   107.000     6.830   -10.877     0.406     0.234  0.4583E+06  -0.1305E+07
   107.000    10.300   -14.202     0.519     0.009 -0.1385E+07   0.9433E+06
   107.000    13.700   -17.460     0.033     0.008  0.2696E+07   0.3346E+06
   107.000    17.100   -20.719     0.169    -0.021  0.8464E+06   0.3959E+06
   107.000    20.500   -23.977     0.189    -0.044  0.2412E+06   0.5074E+06
   112.000     0.000    -4.331     0.358     0.357  0.6032E+06  -0.2967E+06
   112.000     3.420    -7.609     0.669     0.769 -0.8304E+06  -0.3572E+07
   112.000     6.830   -10.877     0.863     0.925 -0.2494E+07  -0.6233E+07
   112.000    10.300   -14.202     0.300     0.103  0.3545E+07   0.1057E+07
   112.000    13.700   -17.460     0.355    -0.031  0.2725E+07   0.9759E+06
   112.000    17.100   -20.719     0.318    -0.045  0.2769E+07   0.1141E+07
   112.000    20.500   -23.977     0.486    -0.008 -0.2914E+06   0.7565E+06
   116.000     0.000    -4.331     0.418     0.390  0.1013E+06  -0.1774E+07
   116.000     3.420    -7.609     0.554     0.270  0.5116E+06  -0.5682E+06
   116.000     6.830   -10.877     0.376    -0.244  0.3633E+07   0.3854E+07
   116.000    10.300   -14.202     0.877    -0.372 -0.1044E+07   0.3890E+07
   116.000    13.700   -17.460     1.019    -0.071 -0.1962E+07   0.1275E+07
   116.000    17.100   -20.719     0.937     0.378 -0.1778E+07  -0.1853E+07
   116.000    20.500   -23.977     0.834     0.606 -0.2814E+07  -0.4076E+07
   121.000     0.000    -4.331     0.499     0.124 -0.1126E+07  -0.1030E+07
   121.000     3.420    -7.609     0.599    -0.218 -0.6124E+06   0.2486E+07
   121.000     6.830   -10.877     0.991    -0.087 -0.3392E+07   0.1711E+06
   121.000    10.300   -14.202     1.267    -0.269 -0.4910E+07   0.2459E+07
   121.000    13.700   -17.460     1.249    -0.087 -0.4117E+07   0.2186E+07
   121.000    17.100   -20.719     1.096     0.583 -0.3523E+07  -0.2359E+07
   121.000    20.500   -23.977     0.645     1.072 -0.1547E+07  -0.7418E+07
   126.000     0.000    -4.331     0.420     0.233 -0.6576E+06  -0.1406E+07
   126.000     3.420    -7.609     0.310     0.201  0.1041E+07  -0.1109E+07
   126.000     6.830   -10.877     0.346     0.073  0.7353E+06  -0.2166E+06
   126.000    10.300   -14.202     0.171    -0.043  0.2877E+07   0.9354E+06
   126.000    13.700   -17.460     0.630     0.011 -0.1028E+07   0.1700E+07
   126.000    17.100   -20.719     0.665     0.558 -0.1406E+07  -0.2125E+07
   126.000    20.500   -23.977     0.406     0.911 -0.2639E+06  -0.5870E+07
   131.000     0.000    -4.331     0.649     0.162 -0.2587E+07  -0.8685E+06
   131.000     3.420    -7.609     0.378     0.209  0.3650E+06  -0.1373E+07
   131.000     6.830   -10.877     0.214     0.030  0.1153E+07   0.5296E+06
   131.000    10.300   -14.202     0.062    -0.008  0.2324E+07   0.8612E+06
   131.000    13.700   -17.460     0.201    -0.004  0.1441E+07   0.1278E+07
   131.000    17.100   -20.719     0.216     0.058  0.1675E+07   0.2026E+07
   131.000    20.500   -23.977     0.425     0.564 -0.1173E+07  -0.3558E+07
   136.000     0.000    -4.331     0.773    -0.360 -0.3515E+07   0.2573E+07
   136.000     3.420    -7.609     0.654    -0.458 -0.2180E+07   0.4282E+07
   136.000     6.830   -10.877     0.296     0.185  0.4711E+06  -0.1403E+07
   136.000    10.300   -14.202     0.380     0.342 -0.4403E+06  -0.1164E+07
   136.000    13.700   -17.460     0.549     0.460 -0.1235E+07  -0.9403E+06
   136.000    17.100   -20.719     0.697     0.747 -0.2188E+07  -0.2505E+07
   136.000    20.500   -23.977     0.523     1.071 -0.1516E+07  -0.6954E+07
   141.000     0.000    -4.331     0.470     0.108 -0.1116E+07  -0.5324E+06
   141.000     3.420    -7.609     0.268     0.202  0.1540E+07  -0.1181E+07
   141.000     6.830   -10.877     0.103     0.100  0.3068E+07   0.5084E+04
   141.000    10.300   -14.202     0.128     0.080  0.3006E+07   0.6968E+06
   141.000    13.700   -17.460     0.329     0.248  0.1686E+07   0.5665E+06
   141.000    17.100   -20.719     0.744     0.744 -0.1239E+07  -0.2386E+07
   141.000    20.500   -23.977     0.642     1.207 -0.8109E+06  -0.7924E+07
   145.000     0.000    -4.331     0.219     0.075  0.1116E+07  -0.3239E+06
   145.000     3.420    -7.609     0.458     0.106  0.5585E+05  -0.7354E+06
   145.000     6.830   -10.877     0.668    -0.106 -0.1325E+07   0.1335E+07
   145.000    10.300   -14.202     0.629     0.088 -0.1057E+07  -0.8531E+06
   145.000    13.700   -17.460     0.459     0.131  0.6644E+06  -0.3022E+06
   145.000    17.100   -20.719     0.637     0.219 -0.8330E+05   0.4892E+06
   145.000    20.500   -23.977     0.877     0.569 -0.3008E+07  -0.3138E+07
   150.000     0.000    -4.331     0.223    -0.012  0.7452E+06  -0.9383E+06
   150.000     3.420    -7.609     0.725    -0.208 -0.1592E+07   0.1085E+06
   150.000     6.830   -10.877     1.260    -0.361 -0.5286E+07   0.5325E+06
   150.000    10.300   -14.202     0.991    -0.483 -0.3379E+07   0.1352E+07
   150.000    13.700   -17.460     0.559    -0.392 -0.5514E+06   0.5092E+06
   150.000    17.100   -20.719     0.640    -0.400 -0.1835E+07   0.1562E+07
   150.000    20.500   -23.977     0.732    -0.252 -0.3414E+07   0.1258E+07
   155.000     0.000    -4.331     0.408    -0.217 -0.1013E+07  -0.6962E+06
   155.000     3.420    -7.609     1.008    -0.760 -0.4524E+07   0.2763E+07
   155.000     6.830   -10.877     1.330    -1.240 -0.6686E+07   0.5897E+07
   155.000    10.300   -14.202     0.766    -1.441 -0.2575E+07   0.7503E+07
   155.000    13.700   -17.460     0.180    -1.085  0.1181E+07   0.4413E+07
   155.000    17.100   -20.719     0.057    -0.763  0.1363E+07   0.2946E+07
   155.000    20.500   -23.977     0.071    -0.462  0.7536E+06   0.2119E+07
