MSt,MSlat,MSlon,MSdepth,MSmag,MSfms,MSprod,FSprod,MSres
734573.240546296,38.2963,142.498,19.7,9.1,0,3294,14,0.25320367446806
732307.040880208,3.4125,95.9012,26.1,9,0,2360,0,0.199499990418988
734196.273765394,-36.1485,-72.9327,28.1,8.8,0,1363,0,0.143299658912667
734970.360159722,2.2376,93.0144,26.3,8.6,0,477,1,-0.130462002252777
733297.465588773,-4.4637,101.3959,35.5,8.5,0,377,2,-0.141531123272542
732829.789617014,19.054,120.884,13,8.4,0,64,4,-0.820584591679892
731025.856357986,-16.303,-73.561,2.2,8.4,0,319,0,-0.122973882606598
729628.036935185,42.76,43.4,10.1,8.4,0,7,1,-1.78166652564952
732996.468223843,46.681,153.2106,12.2,8.3,0,965,2,0.448870655494571
731849.826473148,41.7488,143.8725,33,8.3,0,259,0,-0.12235689376797
728571.557612037,43.6597,147.3804,28,8.2,0,591,0,0.327038730846592
735690.990826157,-19.6193,-70.7877,17.1,8.1,0,377,0,0.222900507985686
734045.741800347,-15.5119,-171.9369,18.5,8.1,0,373,1,0.218267989588581
733133.861070718,-8.4468,157.0265,9.5,8.1,0,531,3,0.371653678861362
732304.624313426,-49.71,161.5761,10,8.1,0,46,0,-0.690683010538533
729728.693946759,42,45.03,12.2,8.1,0,8,1,-1.45035085522816
729072.249675579,-0.9394,136.9471,50.4,8.1,0,376,0,0.221747002707554
726611.454701852,-52.3711,160.642,10,8.1,0,51,0,-0.645870666122171
725269.55405162,18.5382,-102.3243,29.2,8.1,0,20,0,-1.05241084655613
733269.986787616,-13.3836,-76.5555,41.2,8,0,139,0,-0.119318134151456
732800.643518056,-20.1631,-174.1449,53.5,8,0,277,2,0.180146834658898
730806.204816667,-3.975,152.182,28,8,0,711,4,0.589536666324215
730350.043478704,40.816,30.622,6,8,0,25,15,-0.864392925733513
728870.216242708,-23.3033,-70.2052,42.6,8,0,161,0,-0.0555070583737014
736079.257947106,28.1302,84.7168,13.4,7.9,0,204,0,0.138405140834904
735271.050305324,-10.864,165.1418,23.8,7.9,0,720,6,0.686107469840274
733540.269444213,31.0636,103.3718,7.6,7.9,0,456,0,0.48773981607344
732723.770317824,9.624,121.95,2,7.9,0,36,1,-0.614922525823708
731523.925476042,63.6285,-147.6114,10.8,7.9,0,92,1,-0.20743719924544
730655.614041204,-13.798,97.424,10,7.9,0,19,0,-0.892471425638166
730641.686443981,-4.692,102.141,52.7,7.9,0,337,2,0.356404874280344
728941.64994537,19.1162,-104.2021,42.3,7.9,0,27,0,-0.739861262432008
728453.283853009,24.47,121.75,8,7.9,0,16,0,-0.96710504393507
736672.735259028,-10.676,161.3298,41,7.8,0,203,0,0.227378919136776
736647.460405903,-42.7245,173.0647,22,7.8,0,187,0,0.191724487760062
736436.99903912,0.3819,-79.9218,20.59,7.8,0,84,1,-0.155837832714556
736391.534584607,-4.9521,94.3299,24,7.8,0,19,0,-0.801363517823608
735555.378428935,-60.3783,-46.5876,7.9,7.8,0,186,12,0.189395825441479
735501.47903044,26.9109,65.5315,15.5,7.8,0,31,0,-0.588755424942164
735170.12786794,52.6777,-132.1724,7.4,7.8,0,103,0,-0.0672798940712651
734436.612756713,-3.5248,100.1042,20,7.8,0,127,0,0.0236866021795197
734234.927107986,2.3601,97.1113,33.4,7.8,0,29,1,-0.617719120877481
733969.390647685,-45.8339,166.6363,20.9,7.8,0,114,0,-0.0232122674399644
731902.279930324,51.1032,178.6421,27.1,7.8,0,143,0,0.0752189186886247
731169.393176042,35.927,90.587,11,7.8,0,41,0,-0.467333262056702
729839.133628125,-62.8257,149.6713,10,7.8,0,48,0,-0.39887588140085
729025.336916204,0.6842,119.9847,15.4,7.8,0,53,1,-0.355841249175648
728447.762233912,-10.4132,112.9264,38.9,7.8,0,242,0,0.303698247203994
726071.807819444,58.8045,-142.599,10,7.8,0,36,2,-0.52381461800915
736893.982104977,54.4715,168.8148,10.99,7.7,0,61,4,-0.203679375951114
733360.653354051,-22.3208,-69.7803,33.6,7.7,0,130,0,0.124934141344956
732875.346832176,-9.3178,107.4238,20,7.7,0,368,0,0.576838607711637
730877.136577083,23.442,70.31,16,7.7,0,72,0,-0.131676714530613
730383.741161343,23.85,120.87,13.2,7.7,0,171,0,0.243986899430273
730088.590588773,-1.9808,124.882,0.2,7.7,0,76,0,-0.10819561868109
729729.47701169,54.8043,162.0069,25.2,7.7,0,386,23,0.597578093709874
726413.543979977,22.7995,99.5944,18,7.7,0,43,0,-0.355540755382294
736689.598923958,-43.4053,-73.9403,38,7.6,0,10,0,-0.897901303147323
735912.609902778,46.93,140.63,10,7.6,0,5,0,-1.1989312988113
735701.843502083,-11.2581,162.1387,15.3,7.6,0,269,0,0.531850976855085
735117.612589468,10.0242,-85.3884,20.7,7.6,0,41,0,-0.285117446427588
735112.533050232,10.8107,126.8262,44.4,7.6,0,428,0,0.733542465865849
734690.793986921,-29.3073,-176.2572,25.4,7.6,0,279,0,0.547702900126274
734053.918916551,-13.0359,166.5023,33.7,7.6,0,310,1,0.593460390686949
733851.762277083,-23.1555,-174.5899,30.9,7.6,0,99,0,0.0977338914502266
732787.975728704,61.0398,167.0973,26.6,7.6,0,161,0,0.308924572884526
732593.160138773,34.5239,73.64,7.9,7.6,0,252,0,0.503499237634221
731797.192603241,-60.5323,-43.4511,10,7.6,0,66,0,-0.0783573676054545
731467.780831366,-3.297,142.915,13,7.6,0,111,0,0.147421675639334
730610.181466667,-1.171,123.54,54,7.6,0,106,0,0.127404562117447
730349.001141088,40.756,29.955,17,7.6,0,41,0,-0.285117446427588
729186.16916331,51.5487,-177.6073,34.1,7.6,0,151,1,0.281075644145846
728996.750811921,44.5301,149.3078,46.1,7.6,0,252,39,0.503499237634221
728887.435769676,-5.8208,154.1675,46.6,7.6,0,160,0,0.306218679508602
723790.395496412,-15.0804,-173.1157,20,7.6,0,42,1,-0.274652012749423
736089.072271065,-5.5168,151.8641,29.6,7.5,0,229,3,0.553042087007121
736052.992025463,-4.7758,152.5778,41.3,7.5,0,308,1,0.681757321167677
735708.561119444,-6.708,154.992,39.8,7.5,0,306,12,0.678928031148813
734948.751940046,16.4734,-98.3694,19.4,7.5,0,68,0,0.0257155173734691
734301.810301505,7.8506,91.9546,31.4,7.5,0,53,0,-0.0825175257319781
733995.830322106,14.0522,92.8685,30.7,7.5,0,40,0,-0.204733404004805
733063.477603935,1.0816,126.3618,23.5,7.5,0,316,0,0.692893687285637
732262.893545718,-8.1491,124.7441,23.1,7.5,0,137,0,0.329927171823639
731777.85267037,-2.6398,68.3563,10,7.5,0,37,0,-0.238591671265772
731603.087916088,18.8965,-104.0815,27.4,7.5,0,12,0,-0.727612149285142
731499.451646181,-1.7511,134.2585,24.8,7.5,0,141,0,0.342425717322612
731280.886222917,6.032,124.273,33,7.5,0,108,2,0.226630360154183
731143.144953472,-4.089,123.977,33,7.5,0,28,0,-0.359635363990548
730852.289630093,6.876,126.659,33,7.5,0,146,1,0.35755946045167
730450.556434838,-16.324,168.135,35.2,7.5,0,41,0,-0.194009538613032
729878.979445255,22.3022,125.3178,50.5,7.5,0,20,2,-0.505763399668786
729341.708147685,-15.0549,-75.6579,33,7.5,0,61,1,-0.0214635603220001
727554.363349884,45.4777,151.0234,24.7,7.5,0,93,1,0.161689553221168
725665.282059491,-28.1334,-176.3971,29,7.5,0,171,0,0.426202715059387
725069.949396759,-33.0777,-71.7222,36.2,7.5,0,140,1,0.339334640345471
736561.314151968,-55.2793,-31.874,10,7.4,0,238,0,0.660891469538301
735180.69154294,14.0318,-92.0669,38.7,7.4,0,120,0,0.363495758529413
734797.748117014,-28.8809,-176.0332,34.8,7.4,0,80,1,0.187404499473732
734493.722004167,26.8989,143.7048,13.8,7.4,0,713,0,1.13740404233365
733776.822174074,-0.5275,132.6016,31.1,7.4,0,194,1,0.572116242412015
733315.224706597,-49.2466,164.1939,10,7.4,0,39,0,-0.124620880491712
732679.257508565,-61.0106,-21.6489,10,7.4,0,13,0,-0.601742135211375
732195.623118403,33.2055,137.0731,10,7.4,0,77,12,0.170805237654271
730895.811463889,-4.754,102.478,33.9,7.4,0,53,0,0.0085903820825779
729702.41867338,35.1163,87.3741,38.1,7.4,0,23,0,-0.353957651500618
729076.53543669,-9.6915,-79.767,10,7.4,0,23,0,-0.353957651500618
728916.58651412,16.8818,-98.5954,44.4,7.4,0,15,0,-0.53959422846253
728756.921524653,-15.3361,-173.522,47,7.4,0,50,1,-0.0167154831821925
727910.228776852,-8.475,121.9023,27.7,7.4,0,157,2,0.480214164891022
726941.568981829,1.2189,122.9156,33.2,7.4,0,112,0,0.33353253515197
726895.511428357,-22.0709,175.1643,33,7.4,0,31,0,-0.224323793683939
725598.818905671,1.8182,126.5362,34.6,7.4,0,98,0,0.275540588174284
723835.14282963,-33.1525,-73.1011,17.8,7.4,0,13,0,-0.601742135211375
737011.762700116,34.9052,45.9563,19,7.3,0,48,1,0.0566636576719337
735707.602369097,17.3211,-100.9938,24.4,7.3,0,22,0,-0.282154898881447
735430.585899653,-61.0527,-25.2274,19.9,7.3,0,15,0,-0.448486320647972
735108.192588542,12.1318,-88.6604,16,7.3,0,76,1,0.256236012577138
734678.131700463,51.9805,-171.8201,49.8,7.3,0,23,0,-0.262849743686061
734571.114810069,38.4407,142.9803,26.2,7.3,0,2806,0,1.82351008698869
734497.553219676,-19.8371,167.9375,15.7,7.3,0,296,1,0.846714131355285
734360.224842361,-17.5345,168.0377,33.5,7.3,0,117,0,0.443608282042508
734337.565982639,-6.0444,150.6597,43.1,7.3,0,131,4,0.492693715952111
733921.350559722,16.8078,-86.243,29,7.3,0,17,0,-0.39412865832538
733788.742806019,46.8333,155.246,31.1,7.3,0,24,0,-0.244366337992048
733728.710101968,1.3516,122.1629,28.1,7.3,0,27,0,-0.193213815544666
733507.532094097,-20.0376,168.9074,31.4,7.3,0,134,12,0.502527218661154
733458.339252778,2.7634,95.9644,31.4,7.3,0,49,0,0.0656185003248602
731984.112895602,-4.0301,135.0876,15,7.3,0,46,11,0.0381802519779206
731942.667363889,-21.8913,169.7329,10,7.3,0,177,32,0.623395686658153
731851.481540857,50.0089,87.7788,16,7.3,0,135,0,0.505756188791353
729520.331592361,33.8784,59.823,6.7,7.3,0,34,0,-0.0930986626613983
728795.842195139,-22.9802,169.8933,30.4,7.3,0,218,0,0.713878913900951
728122.553597338,42.8858,139.2347,7.6,7.3,0,128,1,0.482632389944215
727795.086543866,42.1232,73.5957,27.4,7.3,0,36,0,-0.0682750789363662
727701.427466204,7.2066,126.7963,50.7,7.3,0,54,2,0.107816180119315
727310.914483796,9.6963,-83.0745,4,7.3,0,33,0,-0.106063639825766
727004.875125694,36.9893,49.3462,18.5,7.3,0,59,0,0.146274431938491
726773.767768403,39.8541,142.8201,29,7.3,0,79,1,0.273049511586788
726016.179930093,-17.9291,-172.2409,16,7.3,0,28,1,-0.177419548361434
725690.888953125,23.9549,121.765,38,7.3,0,60,0,0.15357367067999
725191.192283218,-4.4443,152.8146,45.8,7.3,0,52,0,0.0914257639311455
724610.740286921,-6.8518,72.0422,10,7.3,0,89,0,0.324812426941259
723844.140468634,18.1841,-102.0122,28.1,7.3,0,15,0,-0.448486320647972
736554.060142245,-22.4778,173.1108,16.44,7.2,0,82,0,0.380344180494619
735210.346106829,37.8201,144.1594,35.3,7.2,0,189,0,0.742992132284147
734878.775696644,2.4307,93.2081,20.9,7.2,0,23,0,-0.171741835871505
734285.718598727,-13.6734,166.6722,34.7,7.2,0,52,1,0.182533671745702
734232.944949653,32.2764,-115.2633,5.2,7.2,0,37,0,0.0347320521778975
733463.35872581,-2.4893,99.9204,29.8,7.2,0,34,5,-0.0019907548468423
733395.396163079,51.3982,-179.5373,36.2,7.2,0,39,1,0.0575949351374017
733287.045359259,-11.589,165.8205,37.5,7.2,0,83,0,0.385608420486977
732540.115589468,38.2013,142.1143,37.8,7.2,0,47,1,0.13862818604662
732517.654224537,7.9066,92.1458,17.5,7.2,0,56,0,0.214718355117103
732478.118701042,41.4472,-125.5848,18,7.2,0,8,0,-0.630379684897154
732266.379807755,4.7417,-77.4704,15,7.2,0,4,0,-0.931409680561135
732195.42161088,33.0706,136.7349,18.7,7.2,0,87,0,0.406049580729521
731814.508881018,-45.0875,167.0892,6.8,7.2,0,123,0,0.556435439550301
731601.363283565,-10.5295,160.8058,43.4,7.2,0,9,0,-0.579227162449773
731522.059859144,2.9794,96.1147,31,7.2,0,33,0,-0.0149557320112099
731218.724226273,-17.668,167.853,53.7,7.2,0,79,0,0.364157419401344
729401.853102199,18.1734,-102.8339,49.3,7.2,0,7,0,-0.688371631874841
728843.826975347,-29.3494,-177.5526,38.4,7.2,0,21,0,-0.211250377155178
728182.800637847,14.7377,-92.6879,35.7,7.2,0,156,4,0.659654926465364
727855.633329514,7.1451,-76.8414,10,7.2,0,68,2,0.299039240817139
727743.498332176,34.2483,-116.4781,1.1,7.2,0,48,0,0.14777156548649
727485.665445023,-9.1105,158.4699,34.6,7.2,0,17,0,-0.303020750510824
726973.098624769,5.0708,32.1588,14.9,7.2,0,33,0,-0.0149557320112099
726928.883744444,15.1421,147.5929,11.4,7.2,0,163,0,0.67871793251486
726325.193372917,-10.3229,160.8581,40.4,7.2,0,42,0,0.0897796185088031
726157.161135995,13.4496,124.6286,18,7.2,0,16,1,-0.329349689233173
726058.365860532,58.8183,-143.2462,10,7.2,0,44,0,0.10998300459709
725957.658954977,-19.0361,-70.0059,42.3,7.2,0,6,0,-0.755318421505454
725137.649891782,-5.5871,151.0709,27,7.2,0,58,0,0.22995832167384
723922.257016435,13.8541,124.3202,37.9,7.2,0,26,0,-0.118496323918279
736571.187475463,-0.0471,-17.8294,10,7.1,0,10,0,-0.44236176407454
736008.791128588,52.5097,-32.0209,16.9,7.1,0,14,2,-0.296233728396302
735532.715475579,37.1457,144.754,14.7,7.1,0,51,0,0.265208412023397
735522.008718171,9.8331,124.1231,23.2,7.1,0,222,0,0.903991210376099
734953.942437037,-35.2035,-72.1268,28.2,7.1,0,14,0,-0.296233728396302
734799.445393634,38.7294,43.4465,7.6,7.1,0,115,0,0.618336076279072
734735.704908449,-18.2774,168.067,34.6,7.1,0,115,1,0.618336076279072
734505.847432523,-38.3907,-73.3993,24.4,7.1,0,62,0,0.350029925423714
734141.942008912,-8.8788,157.4167,29.8,7.1,0,75,9,0.43269949931716
733815.73253912,3.7751,126.4987,24.2,7.1,0,390,0,1.14870284295196
733510.020977662,-55.5913,158.5422,10,7.1,0,18,0,-0.187089258971234
733487.939560995,35.5493,81.5063,10,7.1,0,47,0,0.229736093861178
733126.027813194,-20.5675,169.3463,36.2,7.1,0,71,0,0.408896584644536
732277.100699537,-3.6543,135.4096,5.1,7.1,0,121,1,0.64042360624191
732273.851656597,-46.4964,164.8273,7.6,7.1,0,2,0,-1.14133176841056
731306.286697685,24.27,122.184,33,7.1,0,26,0,-0.0273884161037217
731197.585131944,-42.785,124.682,10,7.1,0,8,0,-0.539271777082596
731084.286191319,-36.801,-179.723,33.5,7.1,0,202,0,0.862989605372084
730183.369437268,5.394,121.923,15,7.1,0,40,0,0.159698227253423
729678.044132292,-30.8907,-71.139,54.1,7.1,0,81,0,0.46612325480411
729080.130715162,15.9626,-98.0906,7.1,7.1,0,37,0,0.125839959992455
728985.177220602,28.8091,34.7951,9,7.1,0,57,0,0.313513091597952
728806.544354861,52.6044,142.8506,7.7,7.1,0,22,0,-0.0999390832523335
728770.024148843,12.072,125.5807,20.7,7.1,0,399,13,1.15861113161221
728538.636035995,40.436,-125.6911,10,7.1,0,4,0,-0.840301772746577
728488.108288773,-16.6372,167.4808,31.4,7.1,0,98,2,0.548864311617955
727994.129049421,-10.9385,164.189,20.4,7.1,0,36,0,0.113940736692748
727701.409244213,7.3012,126.7497,32.8,7.1,0,52,1,0.273641579560259
727679.754222569,40.3641,-124.0499,15.1,7.1,0,7,0,-0.597263724060283
727559.170812616,-55.9625,-25.1888,10,7.1,0,15,0,-0.266270505018858
727521.936696412,4.5976,-77.4136,14.9,7.1,0,8,0,-0.539271777082596
727143.843402315,53.4496,169.829,24.8,7.1,0,8,0,-0.539271777082596
726897.6932,-18.3051,168.089,21,7.1,0,18,0,-0.187089258971234
726509.469020023,2.2946,126.7832,37.5,7.1,0,94,0,0.530766089525159
726138.584058449,-24.7648,-70.4554,35.8,7.1,0,16,0,-0.238241781418615
726026.866660764,-6.2084,149.0564,31.7,7.1,0,37,2,0.125839959992455
725362.050964236,-13.9829,166.5125,51.5,7.1,0,56,1,0.305826262931661
725328.403033681,-1.8324,134.8404,10,7.1,0,14,0,-0.296233728396302
724725.405581829,44.0444,148.1208,42.3,7.1,0,34,1,0.0891171529677155
723914.590173495,-0.9158,-21.8377,10,7.1,0,2,0,-1.14133176841056
723755.723876736,29.9875,57.77,11.1,7.1,0,29,0,0.0200362338244164
737018.946866088,-21.3337,168.683,10,7,0,81,41,0.557231162618666
736658.780426273,11.9597,-88.8355,10.34,7,0,23,0,0.0104739797576092
736574.693024306,-37.3586,179.1461,19,7,0,174,1,0.889295392022616
736448.814861921,-16.0429,167.3786,24,7,0,71,1,0.500004492459092
736435.684099769,32.7906,130.7543,10,7,0,65,6,0.461659500382872
736172.9037125,-2.7134,138.5428,47.8,7,0,9,0,-0.397011346820659
736106.906483681,-11.1336,163.5935,19.6,7,0,74,2,0.517977863470993
735918.10535,1.834,126.4628,47.8,7,0,162,0,0.858261158282647
735881.093399768,-32.2989,-110.9241,4.2,7,0,17,0,-0.12080493488171
735502.696333102,-15.9001,-74.6012,38.2,7,0,9,0,-0.397011346820659
735476.684052315,51.5001,-175.2137,30.2,7,0,84,0,0.573025429801898
734971.302652431,28.8386,-113.127,10,7,0,4,3,-0.749193864932021
734942.380974884,40.842,145.0154,19.2,7,0,63,1,0.448086693193598
734901.565752431,-17.7532,167.1814,27.3,7,0,132,1,0.769320074945866
734804.787902199,-14.5572,-76.1207,29,7,0,23,0,0.0104739797576092
734694.039709606,38.0553,143.3016,24.7,7,0,189,2,0.925207947913261
734410.716261227,-4.9863,133.775,20.5,7,0,45,1,0.30195865751536
734384.691510185,-43.3608,171.9023,4,7,0,79,0,0.546373235030458
734305.136448148,-2.2032,136.5873,22.1,7,0,25,1,0.0466861524120541
734195.855171991,25.9843,128.5078,24.2,7,0,49,0,0.33894222376853
734150.911926042,18.3823,-72.588,15,7,0,72,0,0.506078640171285
733680.638551389,-30.0971,-177.6336,35,7,0,68,0,0.481255056446253
733589.262312731,-58.284,-21.9794,10,7,0,25,0,0.0466861524120541
733315.089250463,10.5355,145.7995,18.5,7,0,24,0,0.0289573854516223
733037.518301273,21.8643,120.5446,6.6,7,0,29,0,0.111144141638972
732909.154003704,-61.016,-34.2851,0.5,7,0,10,0,-0.351253856259984
732730.929968982,-21.3113,33.5493,16.4,7,0,76,0,0.529559736020808
732279.772369907,42.9016,145.2087,42.8,7,0,36,0,0.205048644507304
731982.878506366,-3.6455,135.5219,28.3,7,0,69,0,0.487595234477272
731657.691866435,51.2395,177.9148,32.4,7,0,18,1,-0.0959813511566776
731295.166581018,34.276,-176.45,15,7,0,0,0,-Inf
731218.724199074,-15.6,170.4,10,7,0,0,0,-Inf
730861.668559954,56.986,-153.462,33,7,0,7,0,-0.506155816245727
730826.716048727,39.493,54.811,33,7,0,9,0,-0.397011346820659
730763.707486921,-15.391,166.909,42.2,7,0,37,0,0.216947867807011
730595.996722222,36.52,27.348,33,7,0,4,0,-0.749193864932021
730460.966998264,57.395,-154.574,19.5,7,0,14,0,-0.205125820581746
730443.581108449,-6.322,148.7,44.6,7,0,21,2,-0.0290345615260643
730439.237998958,-1.374,88.969,10,7,0,6,0,-0.57310260587634
730068.235231019,-6.9558,128.9606,32.9,7,0,34,1,0.180225060782272
729971.791230787,-0.5539,-80.3153,46.6,7,0,52,1,0.364749487374815
729953.367631944,-3.2004,141.6695,34.3,7,0,72,0,0.506078640171285
729785.51121875,-23.838,-70.1614,44.2,7,0,1,0,-1.35125385625998
729719.510140278,1.2086,122.5622,46.3,7,0,6,0,-0.57310260587634
729448.880586921,29.9614,68.2024,33.6,7,0,64,0,0.454926117723903
729228.596940972,1.017,120.4769,33.9,7,0,34,1,0.180225060782272
729187.765896181,12.6502,125.202,16.4,7,0,59,0,0.419598155382161
728695.952150347,-37.6567,178.8912,21,7,0,267,0,1.07525740510459
728612.80243669,13.5459,121.1352,31.5,7,0,30,0,0.125867398459679
728367.187696181,-1.109,-23.5378,10,7,0,0,1,-Inf
728337.74889375,-20.5638,169.3364,27.7,7,0,32,0,0.153896122059922
728315.100346759,1.0342,127.7825,19.6,7,0,33,0,0.167260083617904
728246.054215741,51.9077,158.6605,34,7,0,18,0,-0.0959813511566776
728151.036011111,-45.0643,166.9113,8.4,7,0,17,0,-0.12080493488171
727711.217816204,-11.1131,165.2191,23.1,7,0,35,0,0.192814188090292
727337.04029456,1.154,122.9758,30.7,7,0,33,0,0.167260083617904
727247.10935706,8.9087,126.5056,49.9,7,0,32,0,0.153896122059922
726998.320088657,11.6674,122.0034,18.1,7,0,21,0,-0.0290345615260643
726715.55206713,55.5766,-156.8582,11,7,0,0,0,-Inf
726121.312868056,-24.7279,-70.5422,33,7,0,18,0,-0.0959813511566776
725802.174100694,0.1226,-77.8046,10,7,0,13,1,-0.237310503953147
725767.937303356,-60.0525,-26.8848,53.1,7,0,20,0,-0.0502238605960024
725492.296754282,18.3692,-103.0103,37.8,7,0,9,0,-0.397011346820659
725339.159669676,-13.978,166.1866,43.1,7,0,89,6,0.598136150384929
725110.125055208,1.6494,126.5047,35.7,7,0,16,0,-0.147133873604059
724720.853221528,40.3483,63.3611,15,7,0,54,0,0.381139903562985
724649.641841898,-2.8248,118.7589,42.7,7,0,2,0,-1.050223860596
723611.821531366,3.9325,-85.8831,32.5,7,0,2,0,-1.050223860596
722316.256189815,-11.1596,118.4064,33,7,0,184,1,0.913563966749553
736813.849505324,5.5046,125.0719,26,6.9,0,20,0,0.0408840472185537
736809.901745833,-33.0291,-72.0452,28,6.9,0,52,3,0.455857395189371
736698.911466435,-19.3542,176.058,12,6.9,0,45,0,0.393066565329916
736655.874872801,37.3917,141.4025,11.35,6.9,0,85,2,0.669272977268865
736620.260397801,-6.0526,148.8617,35,6.9,0,13,0,-0.146202596138591
736423.349911111,-14.3235,166.8551,26,6.9,0,154,2,0.927374772391035
736172.201223032,52.2759,-169.5348,27.8,6.9,0,41,2,0.352637908274308
736132.535829398,-35.3709,-17.809,27.1,6.9,0,1,0,-1.26014594844543
735787.474939583,14.724,-92.4614,53,6.9,0,18,0,-0.00487344334212159
735773.805061227,-30.0038,-177.5306,20.8,6.9,0,252,0,1.14125459233612
735743.392398032,40.2763,25.3698,8.2,6.9,0,9,0,-0.305903439006103
735668.220990625,40.7235,-125.0869,6.1,6.9,0,7,0,-0.415047908431171
735642.388754861,35.8767,82.5807,4.1,6.9,0,23,0,0.101581887572165
735563.269151389,-53.9716,-54.9648,10,6.9,0,10,2,-0.260145948445428
735554.149013773,-60.3079,-47.199,24,6.9,0,152,3,0.921697639499345
734764.52835162,27.8039,88.1536,29.6,6.9,0,3,0,-0.783024693725765
734363.888590509,12.4748,141.5621,16.4,6.9,0,107,0,0.769237829239782
734337.544577894,-5.9807,150.5165,45.8,6.9,0,124,0,0.833275736716808
734241.992789468,33.1928,96.7466,13.8,6.9,0,17,1,-0.0296970270671537
734239.403123264,-10.9275,161.1662,54.3,6.9,0,5,0,-0.561175944109409
733988.749958218,29.0705,-112.9137,7.8,6.9,0,7,2,-0.415047908431171
733822.912335301,-27.3912,-176.2355,28.2,6.9,0,15,0,-0.0840546893897463
733700.215675579,-21.8818,-173.799,30.7,6.9,0,25,0,0.13779406022661
733608.110760069,37.5426,142.2558,28.3,6.9,0,36,0,0.29615655232186
733572.988735995,39.1514,140.7365,11.6,6.9,0,73,0,0.603176911675028
733535.698160648,36.2377,141.5076,40.1,6.9,0,56,18,0.488042078560773
733470.591147222,13.4239,125.7162,26,6.9,0,63,0,0.539194601008154
733452.423184838,36.5173,21.6699,31.5,6.9,0,33,0,0.25836799143246
733446.401547222,10.7251,-41.902,4.1,6.9,0,1,0,-1.26014594844543
733249.236319676,2.8864,127.5683,39.8,6.9,0,50,0,0.438824055890591
733168.197476852,-0.46,100.39,10,6.9,0,4,0,-0.658085957117465
733166.703252315,-0.46,100.39,10,6.9,0,5,1,-0.561175944109409
733166.573715278,-0.48,100.34,10,6.9,0,6,0,-0.481994698061784
733072.204740394,-54.9175,146.2902,10,6.9,0,6,0,-0.481994698061784
732948.265412153,-16.616,-172.0201,40,6.9,0,16,0,-0.0560259657895028
732451.079762616,2.0195,97.0578,29.9,6.9,0,164,2,0.95469789960227
732260.998890394,-11.186,163.664,25.3,6.9,0,33,0,0.25836799143246
731727.807977199,2.3575,128.9157,42.4,6.9,0,30,0,0.216975306274235
731237.657913194,20.2,169.4,10,6.9,0,0,0,-Inf
730483.562031597,-10.951,165.391,33,6.9,0,71,4,0.591112400273648
730352.41832963,9.258,-84.056,44.9,6.9,0,23,0,0.101581887572165
730199.449827431,51.563,-177.716,25.8,6.9,0,5,0,-0.561175944109409
730187.517902431,52.069,159.435,36.6,6.9,0,5,3,-0.561175944109409
729903.639050926,-8.0198,114.6421,33,6.9,0,6,0,-0.481994698061784
729653.674647338,-28.7375,-177.575,11.4,6.9,0,11,0,-0.218753263287203
729590.598713773,16.339,-98.1903,31.4,6.9,0,19,0,0.0186076525074013
729580.808451968,10.5045,-63.5453,3,6.9,0,10,0,-0.260145948445428
729513.698564236,-31.6399,-179.3367,47.8,6.9,0,27,0,0.17121781571356
729511.484423843,18.9948,-107.2671,15,6.9,0,6,0,-0.481994698061784
729460.806948727,7.7587,127.6742,8.5,6.9,0,9,1,-0.305903439006103
729348.447757755,35.3057,78.1952,35.5,6.9,0,9,0,-0.305903439006103
729212.71122338,22.56,122.05,7,6.9,0,4,0,-0.658085957117465
728950.442685764,28.1027,130.4337,37,6.9,0,182,1,0.999925439539647
728777.687516204,43.9194,148.0071,37.6,6.9,0,64,0,0.546034025538459
728062.499851852,55.0014,-160.3909,33.3,6.9,0,9,0,-0.305903439006103
727804.763034954,-0.9879,-13.6006,15.5,6.9,0,0,0,-Inf
727783.763429051,57.5938,-142.9356,13.6,6.9,0,1,0,-1.26014594844543
727763.359013542,39.3707,143.3458,28.6,6.9,0,75,4,0.614915314946272
727625.520601042,52.8835,159.8808,41.7,6.9,0,16,0,-0.0560259657895028
727427.928645833,41.8481,-125.413,13.5,6.9,0,3,3,-0.783024693725765
727383.488316898,-8.0925,124.6805,28.8,6.9,0,18,1,-0.00487344334212159
727293.180431713,-5.9699,-77.1001,17.2,6.9,0,45,3,0.393066565329916
727203.623046296,23.5455,95.9627,18.1,6.9,0,8,0,-0.357055961453484
726883.283451157,-15.4729,166.3965,12,6.9,0,15,0,-0.0840546893897463
726770.226163542,39.6049,143.3336,22.2,6.9,0,88,2,0.684336723704741
726759.002948495,37.0608,-121.7895,7.6,6.9,0,24,0,0.120065293266178
726205.972169329,-17.209,-72.2509,33,6.9,0,13,0,-0.146202596138591
725364.219484375,62.1887,-124.2744,6,6.9,0,24,0,0.120065293266178
725339.101186921,-14.0287,166.2237,33.1,6.9,0,93,1,0.708337000108508
725276.310960417,-34.6115,-178.5709,15.7,6.9,0,65,1,0.552767408197428
725028.038408796,-0.949,128.4728,3.2,6.9,0,7,0,-0.415047908431171
723742.332750694,-17.2933,167.5875,30,6.9,0,88,0,0.684336723704741
723660.909811227,-13.3959,166.4405,44.8,6.9,0,26,1,0.15482739952539
737003.375224769,-15.3197,-173.1682,10,6.8,0,19,0,0.109715560321959
736999.029242477,-21.6645,169.209,9.1,6.8,0,268,0,1.25909675339792
736848.933887963,54.0291,170.9096,8.19,6.8,0,36,0,0.387264460136417
736104.950632523,-10.9253,164.1741,18.5,6.8,0,84,0,0.755241245431012
736096.884011574,38.9005,142.0217,39.3,6.8,0,26,1,0.245935307339948
735779.328435648,-55.4757,-28.3956,15.1,6.8,0,143,0,0.986297996834192
735704.16460463,-53.609,8.7098,10,6.8,0,1,0,-1.16903804063087
735519.549926505,35.5277,23.3718,46.9,6.8,0,5,0,-0.470068036294851
735293.587394329,50.7866,157.4851,52.8,6.8,0,27,0,0.262325723528118
735264.844252199,-28.1096,-70.8883,46.1,6.8,0,7,0,-0.323940000616613
735184.050453125,22.8908,95.848,14.2,6.8,0,22,0,0.173384640191336
734633.371672454,-20.3347,168.2754,33.4,6.8,0,104,0,0.84799529866791
734586.580016088,20.6298,99.9178,12.8,6.8,0,8,0,-0.265948053638926
734143.205311227,-58.464,-14.8595,10,6.8,0,2,0,-0.868008044966889
734076.294202778,29.1677,129.9847,33.9,6.8,0,2,0,-0.868008044966889
733662.014500926,41.9421,143.8263,38.9,6.8,0,21,1,0.15318125410305
733330.520526157,-44.7401,167.5146,2,6.8,0,12,0,-0.0898567945832449
733311.525309143,-5.0384,153.4446,31.8,6.8,0,25,0,0.228901968041168
733295.075860417,3.0005,-77.9001,29,6.8,0,1,0,-1.16903804063087
732921.429783333,-6.7747,155.5365,48.7,6.8,0,16,0,0.035081942025055
732846.722728588,7.35,127.248,24,6.8,0,3,0,-0.691916785911207
732813.644781829,0.1165,97.1062,30.7,6.8,0,55,1,0.571324648863374
732651.513816319,-6.2415,29.6812,15.8,6.8,0,10,0,-0.16903804063087
732477.715455324,51.1639,179.4806,53.9,6.8,0,21,8,0.15318125410305
732324.36113125,-0.8826,-21.1186,10,6.8,0,1,0,-1.16903804063087
732295.972359028,18.9798,-81.3989,9.4,6.8,0,7,0,-0.323940000616613
732196.529848264,-55.3971,-29.1618,11.3,6.8,0,44,0,0.474414635855318
732126.40956412,54.8237,-134.4877,20,6.8,0,1,0,-1.16903804063087
731941.893102662,-22.2753,169.3482,10,6.8,0,195,14,1.12099657073165
731925.193226273,23.0988,121.384,27.6,6.8,0,39,0,0.422026566395629
731752.562998032,-30.6212,-71.5383,42.9,6.8,0,22,2,0.173384640191336
731722.780792245,36.9853,3.6597,13.4,6.8,0,88,0,0.775444631519299
731651.310787153,-4.7024,153.2199,35.9,6.8,0,25,0,0.228901968041168
731208.953401505,-9.635,159.566,12,6.8,0,12,0,-0.0898567945832449
731203.168754398,23.924,122.813,27.7,6.8,0,36,0,0.387264460136417
730934.269373264,34.095,132.552,52,6.8,0,6,0,-0.390886790247226
730867.559135301,-4.071,101.744,28,6.8,0,41,1,0.443745816088866
730815.756383449,40.222,49.935,51,6.8,0,13,0,-0.0550946883240331
730797.012571528,-55.61,-29.812,10,6.8,0,14,0,-0.0229100049526318
730784.397503472,-6.655,105.619,44.3,6.8,0,6,0,-0.390886790247226
730702.884066204,48.75,142.244,13,6.8,0,18,0,0.0862344644724362
730513.597983681,43.05,146.835,46,6.8,0,6,0,-0.390886790247226
729577.412502083,-30.047,-71.8104,14,6.8,0,53,0,0.555237828969919
729307.549194676,34.5284,32.0957,19,6.8,0,42,0,0.454211249767031
729239.538561343,-10.8053,161.4019,53.7,6.8,0,7,0,-0.323940000616613
729221.89141169,17.5714,-101.0485,48.2,6.8,0,5,0,-0.470068036294851
729178.119555787,10.7942,-42.2725,10,6.8,0,0,0,-Inf
729106.141874074,51.2799,178.6818,4.1,6.8,0,19,0,0.109715560321959
728971.301600231,1.8219,95.0595,29.2,6.8,0,2,0,-0.868008044966889
728851.907407176,21.9756,99.1989,12.5,6.8,0,8,1,-0.265948053638926
728737.995319213,-4.1607,135.095,39.1,6.8,0,43,1,0.464430414948717
728675.865878588,34.554,135.0409,19,6.8,0,30,0,0.308083214088793
728575.905644792,-1.2123,127.9891,16.6,6.8,0,16,0,0.035081942025055
728272.189139352,0.4862,126.0269,31,6.8,0,47,0,0.503059817304848
728064.911372338,51.3358,-178.6905,12.3,6.8,0,11,0,-0.127645355472645
727490.891143287,30.7697,78.7914,13.2,6.8,0,5,0,-0.470068036294851
727392.118227778,42.1904,-125.6453,11,6.8,0,10,0,-0.16903804063087
727348.553973727,54.5851,-161.5904,37.2,6.8,0,8,0,-0.265948053638926
727188.228800926,-20.509,-174.0712,13.3,6.8,0,8,0,-0.265948053638926
727121.066447107,-2.2209,92.232,8.8,6.8,0,0,0,-Inf
726680.71351088,-7.9764,121.2379,14,6.8,0,1,0,-1.16903804063087
726602.041534954,-30.6158,-178.3871,28.2,6.8,0,12,0,-0.0898567945832449
726524.476777199,-30.0169,-177.9104,18.7,6.8,0,13,0,-0.0550946883240331
726444.320420255,40.9622,44.1643,5,6.8,0,23,0,0.192689795386723
726289.855630093,-5.9112,148.7753,44.5,6.8,0,8,1,-0.265948053638926
726159.262174306,-37.2793,48.0155,10,6.8,0,8,0,-0.265948053638926
726008.491058796,-18.4633,168.0857,21.5,6.8,0,19,2,0.109715560321959
725863.171009143,51.2599,-179.8826,25.9,6.8,0,14,0,-0.0229100049526318
725781.304482407,0.6956,126.1654,20.3,6.8,0,27,0,0.262325723528118
725774.552981482,36.9978,141.7049,44.3,6.8,0,21,2,0.15318125410305
725542.38136713,56.3862,-152.8589,17,6.8,0,8,0,-0.265948053638926
725494.437534028,55.1461,163.7705,15,6.8,0,4,0,-0.566978049302907
725482.294089699,-2.3828,139.3468,22,6.8,0,16,0,0.035081942025055
724422.124985764,40.4793,139.088,15.7,6.8,0,232,0,1.19644994426003
723912.785446412,26.845,142.736,29.5,6.8,0,3,0,-0.691916785911207
723734.882634838,-0.0365,-18.7326,10,6.8,0,1,0,-1.16903804063087
722613.343373264,38.2311,142.0221,47.9,6.8,0,45,1,0.484174473144474
722195.992516782,-9.7559,160.6884,33,6.8,0,82,3,0.744775811752847
722177.302348843,-16.7876,-172.0176,33.4,6.8,0,21,0,0.15318125410305
736978.787127778,-54.2584,8.6055,9,6.7,0,2,0,-0.776900137152333
736155.175496759,-9.3539,158.3424,20,6.7,0,22,0,0.264492548005892
736011.962825,39.9468,143.1771,10.8,6.7,0,45,0,0.57528238095903
735919.939853935,-37.5989,179.6109,34.5,6.7,0,20,0,0.223099862847667
735674.886446528,-19.9051,-70.6156,9.4,6.7,0,427,0,1.55249774220871
735279.55130463,67.5173,142.7017,8.9,6.7,0,29,0,0.384467865082642
735111.571820602,71.4464,-11.0341,11.1,6.7,0,1,0,-1.07793013281631
734980.053398958,-1.6946,134.3225,24.4,6.7,0,14,0,0.0681979028619242
734970.954986343,18.2042,-102.8762,27.6,6.7,0,0,0,-Inf
734925.262036111,51.8008,95.9804,13,6.7,0,54,0,0.654463627006655
734905.159188889,9.9194,123.2167,17.5,6.7,0,200,0,1.22309986284767
734864.640249653,51.8349,95.9643,12.8,6.7,0,38,0,0.501853463800496
734676.910319329,39.9763,142.4621,32.1,6.7,0,59,1,0.69292187882583
734596.838000694,-9.7342,107.7693,31.9,6.7,0,13,0,0.0360132194905229
734432.745298264,24.7878,-109.1744,13.9,6.7,0,6,3,-0.29977888243267
734337.247752778,52.7536,-169.7741,21.5,6.7,0,55,0,0.66243255667793
734202.671527778,-3.8389,100.9157,24.2,6.7,0,5,0,-0.378960128480295
734002.004038889,23.5064,123.5922,21.8,6.7,0,22,0,0.264492548005892
734001.318347685,-1.4673,99.463,40.1,6.7,0,104,0,0.939103206482466
733921.35066088,20.28,-86.6,10,6.7,0,0,0,-Inf
733879.622988542,-60.2882,-27.0291,17.6,6.7,0,12,0,0.00125111323131111
733686.661690741,39.5582,73.7911,29,6.7,0,72,0,0.779402363614955
733645.556962153,31.0612,83.6521,25.5,6.7,0,32,0,0.427219845503592
733256.140131481,51.3617,-179.9834,53.8,6.7,0,16,0,0.126189849839611
733126.029132176,37.3332,136.5691,2.5,6.7,0,20,0,0.223099862847667
732970.450668982,-13.4967,-76.6679,34.3,6.7,0,4,1,-0.475870141488351
732967.059183333,-5.9043,151.0236,34.2,6.7,0,150,0,1.09816112623937
732965.713722454,19.8799,-156.1186,5,6.7,0,4,0,-0.475870141488351
732659.136205903,-15.3213,-178.5877,33,6.7,0,3,0,-0.600808878096651
732446.212003125,0.5359,98.4245,35.5,6.7,0,64,1,0.728249841167573
732412.436930671,-1.6411,99.5754,26.3,6.7,0,219,1,1.2625139820238
732228.352690046,-10.9373,162.1176,38,6.7,0,32,0,0.427219845503592
731384.893351042,-12.659,166.423,54.5,6.7,0,15,0,0.0981611262393676
731324.210252778,16.984,-100.935,19.7,6.7,0,9,0,-0.123687623376989
731226.468718171,-3.261,142.406,11,6.7,0,6,0,-0.29977888243267
731069.161806366,-55.497,-123.302,10,6.7,0,7,1,-0.232832092802057
730996.02836331,44.213,148.351,33,6.7,0,29,0,0.384467865082642
730950.375662963,-32.754,-73.15,10,6.7,0,6,0,-0.29977888243267
730910.521041782,-21.992,170.133,33.6,6.7,0,27,0,0.353433631342674
730765.187702662,35.38,133.157,0.6,6.7,0,9,0,-0.123687623376989
730312.59324213,15.788,-88.319,6.4,6.7,0,9,0,-0.123687623376989
729896.232220833,0.1811,119.5659,20.4,6.7,0,5,0,-0.378960128480295
729834.880662153,-50.0552,162.9504,10,6.7,0,0,0,-Inf
729802.995369676,52.6815,-33.6622,10,6.7,0,4,1,-0.475870141488351
729767.69190081,-15.8839,-179.32,23.4,6.7,0,8,0,-0.17484014582437
729502.39686169,11.162,-61.0914,47.1,6.7,0,13,0,0.0360132194905229
729361.929149306,31.7777,131.4661,43.9,6.7,0,3,1,-0.600808878096651
729273.343280093,-22.1754,-113.4081,50.7,6.7,0,4,0,-0.475870141488351
729197.581388773,51.5485,159.08,33,6.7,0,74,0,0.791301586914662
729071.64096331,37.3299,142.4582,43.9,6.7,0,3,0,-0.600808878096651
728938.756790162,-2.0096,101.5016,36.7,6.7,0,5,0,-0.378960128480295
728831.645036227,-61.7492,154.5539,10,6.7,0,0,0,-Inf
728797.004487037,-0.8448,-22.0128,12.2,6.7,0,0,0,-Inf
728770.006879861,12.0075,125.6683,20.1,6.7,0,400,5,1.52412985851165
728766.977858449,45.8756,151.2967,23.1,6.7,0,8,0,-0.17484014582437
728703.62808831,-1.3151,127.5234,34.8,6.7,0,47,19,0.594167725119404
728686.845052546,-4.4419,134.4761,22.3,6.7,0,51,0,0.629640043281622
728463.142535069,-43.1077,171.6149,11,6.7,0,13,0,0.0360132194905229
728451.866480671,2.9932,-76.0286,32.6,6.7,0,12,0,0.00125111323131111
728402.729130556,-6.4897,154.9221,49.3,6.7,0,18,0,0.177342372286992
728311.521465509,34.136,-118.5826,15.9,6.7,0,14,0,0.0681979028619242
728227.435469676,-5.9252,145.9849,33,6.7,0,33,3,0.440583807061574
728226.32799213,16.8338,-98.7312,39,6.7,0,8,0,-0.17484014582437
728110.99140544,-20.896,172.8641,36.3,6.7,0,1,0,-1.07793013281631
728098.748454861,-28.6804,-176.8535,10.7,6.7,0,23,9,0.283797703201279
728003.672876736,-26.6926,-70.914,19.2,6.7,0,4,0,-0.475870141488351
727924.828059028,-0.2663,-19.3121,10,6.7,0,1,0,-1.07793013281631
727833.927747569,1.2991,129.1339,27.7,6.7,0,25,0,0.320009875855724
727809.077136574,11.293,-93.08,50,6.7,0,1,0,-1.07793013281631
727660.579633102,50.6453,-130.0591,10,6.7,0,8,0,-0.17484014582437
727636.721289352,39.7159,39.6292,22.6,6.7,0,10,0,-0.0779301328163138
727294.607191435,-15.0038,-175.52,20.6,6.7,0,2,0,-0.776900137152333
727180.826619792,23.712,121.618,21.7,6.7,0,60,5,0.70022111756733
727180.126241204,23.908,121.6455,6.6,6.7,0,65,1,0.734983223826542
727062.546746643,-11.1605,161.9672,46,6.7,0,15,2,0.0981611262393676
726872.30241169,9.7469,124.7033,0.8,6.7,0,36,0,0.478372367950973
726569.164316088,49.4573,159.1614,16,6.7,0,3,0,-0.600808878096651
726307.636903704,-6.5245,152.787,17,6.7,0,24,0,0.302281108895292
726172.262007523,10.242,-60.5378,12.4,6.7,0,32,0,0.427219845503592
726155.80084537,-20.7697,-69.7649,27.6,6.7,0,2,0,-0.776900137152333
726088.089099769,35.3837,140.3473,48.1,6.7,0,16,0,0.126189849839611
726067.071690393,-8.2561,124.1645,33,6.7,0,3,0,-0.600808878096651
725924.045922917,-27.0011,-108.3202,10,6.7,0,1,0,-1.07793013281631
725869.062818287,7.0895,126.7102,44.9,6.7,0,5,0,-0.378960128480295
725795.35549213,53.4424,-167.2878,10,6.7,0,38,0,0.501853463800496
725631.764084954,19.3632,146.3144,40.5,6.7,0,6,0,-0.29977888243267
725285.641695023,62.2158,-124.2647,10,6.7,0,10,0,-0.0779301328163138
725277.152184607,-9.8092,159.8474,32.9,6.7,0,3,0,-0.600808878096651
725242.529125463,39.4935,75.2668,7,6.7,0,44,2,0.565522543669874
725161.504412847,-15.2997,-173.4718,33,6.7,0,7,0,-0.232832092802057
725084.826194329,7.7593,123.5174,14,6.7,0,5,0,-0.378960128480295
724596.675693981,19.4948,-155.4407,3.8,6.7,0,2,0,-0.776900137152333
724347.067094329,-4.0715,127.8994,26.2,6.7,0,4,1,-0.475870141488351
723856.699849074,-3.5211,143.8642,15,6.7,0,0,0,-Inf
723663.762199653,-57.6838,148.3574,10,6.7,0,0,0,-Inf
736925.124559606,-1.0907,-13.6631,10,6.6,0,2,0,-0.685792229337775
736896.938324537,36.9249,27.4135,7,6.6,0,18,0,0.26845028010155
736887.291680671,-49.4802,164.0251,10,6.6,0,3,0,-0.509700970282094
736844.607887847,-1.2872,120.4335,12,6.6,0,25,0,0.411117783670282
736783.173193866,56.938,162.7868,15.52,6.6,0,9,0,-0.0325797155624311
736659.600354051,39.23,74.0208,17,6.6,0,26,1,0.428151122969062
736633.278,42.8547,13.0884,10,6.6,0,13,1,0.127121127305081
736482.955564815,-2.0967,100.6654,50,6.6,0,4,0,-0.384762233673794
736449.065033681,10.2752,-103.7363,10,6.6,0,0,0,-Inf
736103.642631134,-54.385,-132.2658,17.8,6.6,0,4,0,-0.384762233673794
735941.371441204,7.9401,-82.6865,20,6.6,0,16,0,0.217297757654169
735940.056969676,-6.5108,154.4603,23,6.6,0,57,0,0.769052630670735
735910.148553472,-6.027,148.263,53.4,6.6,0,8,0,-0.0837322380098124
735791.806953935,37.0052,142.4525,20,6.6,0,61,0,0.798507610009011
735779.718890394,-15.2351,-175.458,26,6.6,0,3,2,-0.509700970282094
735713.132080093,49.6483,-127.6525,9.8,6.6,0,3,0,-0.509700970282094
735531.809146991,-58.2594,-12.8022,10,6.6,0,0,0,-Inf
735526.746495602,25.9612,-110.3639,15,6.6,0,0,0,-Inf
735518.394991898,48.55,141.5,10,6.6,0,2,0,-0.685792229337775
735459.655045255,5.718,-78.1251,18.6,6.6,0,3,0,-0.509700970282094
735398.699604167,-9.9513,107.3023,20.6,6.6,0,11,0,0.0545704601564689
735344.001944213,30.2688,103.0202,18,6.6,0,44,0,0.656630451484431
735340.955177778,-3.2237,142.5671,16.3,6.6,0,4,0,-0.384762233673794
735154.021890856,-4.8858,134.0822,34.6,6.6,0,12,1,0.0923590210458689
735151.522324306,-60.6414,153.9333,12.1,6.6,0,6,0,-0.208670974618112
735076.231641898,-17.5507,66.2905,16.2,6.6,0,2,0,-0.685792229337775
734937.298533796,-19.2236,169.7495,33.7,6.6,0,24,0,0.39338901670985
734931.513839468,-22.1221,170.3882,17.4,6.6,0,21,0,0.335397069732163
734883.56969213,-60.701,-55.8579,17.3,6.6,0,12,1,0.0923590210458689
734715.98539456,-3.5147,144.9654,19.6,6.6,0,5,0,-0.287852220665737
734548.152884838,-35.4868,-73.1011,17,6.6,0,17,2,0.243626696376518
734474.133442245,-6.1002,149.9248,30.7,6.6,0,18,0,0.26845028010155
734333.355808449,-38.0635,-73.4649,25.7,6.6,0,42,1,0.636427065396145
734227.70471493,13.6128,92.8746,38.5,6.6,0,13,0,0.127121127305081
734141.908390625,-8.8174,157.5309,17.8,6.6,0,82,1,0.926991627381961
734094.646375463,51.9622,-131.5985,8.7,6.6,0,4,0,-0.384762233673794
734085.820669676,-8.2837,118.6673,32.1,6.6,0,7,0,-0.141724184987499
734015.619142014,-15.2223,-172.491,14.3,6.6,0,196,0,1.30543384635472
733661.547384954,8.1265,-38.6802,3.1,6.6,0,1,0,-0.986822225001756
733608.393802893,-11.0707,164.5275,29.2,6.6,0,20,0,0.314207770662225
733586.486293056,10.996,91.841,27.6,6.6,0,76,0,0.893991367279035
733530.064997338,51.8563,-177.4925,5.1,6.6,0,5,1,-0.287852220665737
733514.246085764,51.8787,-179.1021,26.4,6.6,0,15,1,0.189269034053925
733412.459088657,51.2576,-130.7587,10,6.6,0,7,2,-0.141724184987499
733396.330092245,-38.9483,178.012,42.2,6.6,0,1,0,-0.986822225001756
733373.493069907,-10.9826,162.2113,37.1,6.6,0,3,0,-0.509700970282094
733239.050947685,37.5566,138.4821,7.4,6.6,0,9,0,-0.0325797155624311
733072.901273264,21.1695,144.7656,51.7,6.6,0,2,0,-0.685792229337775
733041.354731366,13.2716,51.3595,8.3,6.6,0,10,0,0.013177774998244
732950.743338426,46.3144,153.1446,20.6,6.6,0,367,2,1.57784383925033
732866.861101273,51.3213,-179.2736,8.5,6.6,0,37,0,0.581379499065239
732797.803653935,-27.0991,-71.235,13.7,6.6,0,39,3,0.604242382024743
732681.355943171,28.2303,-112.1263,14.1,6.6,0,2,4,-0.685792229337775
732413.513948495,-3.472,145.9955,17,6.6,0,4,1,-0.384762233673794
732391.07894838,33.7518,130.249,9,6.6,0,10,0,0.013177774998244
732359.85270544,-35.7916,-16.4313,10,6.6,0,0,0,-Inf
732328.845770949,10.8751,140.9026,51.7,6.6,0,32,0,0.51832775331815
732279.107753009,-26.7054,-113.9632,10,6.6,0,7,1,-0.141724184987499
732253.418190393,49.211,-128.8313,13.2,6.6,0,12,1,0.0923590210458689
732243.372206366,37.3032,138.7706,8.5,6.6,0,75,0,0.888239038389944
732070.192215972,-37.8063,-73.4165,17,6.6,0,7,0,-0.141724184987499
731998.107443634,-58.7911,-15.5966,10,6.6,0,0,0,-Inf
731974.927415857,-3.1066,127.3201,17.4,6.6,0,5,0,-0.287852220665737
731941.081171065,28.9653,58.3044,15,6.6,0,4,0,-0.384762233673794
731937.802738889,35.6653,-121.0549,10,6.6,0,12,0,0.0923590210458689
731920.893169213,55.5858,165.758,9.9,6.6,0,28,0,0.460335806340463
731894.828208796,-0.5894,-19.7373,9.1,6.6,0,5,1,-0.287852220665737
731845.761257523,19.8741,95.6346,4.5,6.6,0,18,0,0.26845028010155
731715.252472569,18.3601,-58.6279,20.3,6.6,0,0,0,-Inf
731631.147635532,53.64,-164.7344,14.5,6.6,0,4,0,-0.384762233673794
731562.354686574,-4.8284,153.3027,52.1,6.6,0,22,0,0.35560045582045
731535.832333565,-55.8131,-36.3353,10,6.6,0,6,1,-0.208670974618112
731527.634820602,51.1966,179.3688,45.8,6.6,0,13,0,0.127121127305081
731512.477316319,63.5545,-148.0675,19.7,6.6,0,35,0,0.55724581934852
730960.905353704,-7.41,155.839,17,6.6,0,35,9,0.55724581934852
730892.765236806,11.877,43.781,17.8,6.6,0,15,1,0.189269034053925
730683.165141667,-7.775,150.888,27.5,6.6,0,12,0,0.0923590210458689
730648.496668171,-50.6,139.589,10,6.6,0,0,0,-Inf
730548.932455903,-6.845,143.818,34.9,6.6,0,12,0,0.0923590210458689
730354.528307176,-16.046,168.018,29.3,6.6,0,4,0,-0.384762233673794
730207.795280903,30.511,79.421,22.9,6.6,0,19,0,0.291931375951073
730183.235032523,28.277,57.203,36.9,6.6,0,15,0,0.189269034053925
730056.68408206,0.8201,125.9567,46,6.6,0,43,1,0.646646230577831
729905.265612731,37.1533,70.1183,30.4,6.6,0,22,0,0.35560045582045
729897.200584028,-17.8595,-65.539,24,6.6,0,12,1,0.0923590210458689
729846.94651713,-40.2828,-74.915,19,6.6,0,3,0,-0.509700970282094
729828.819812268,30.1606,57.6123,43.5,6.6,0,5,0,-0.287852220665737
729508.505304861,-42.4134,42.6807,10,6.6,0,2,0,-0.685792229337775
729475.08955787,51.2772,179.5267,36,6.6,0,20,1,0.314207770662225
729369.358539815,0.837,-29.9229,10,6.6,0,6,0,-0.208670974618112
729317.614387963,31.8699,131.7259,41,6.6,0,7,4,-0.141724184987499
729316.451650579,30.5502,131.1496,17.4,6.6,0,10,1,0.013177774998244
729242.089558218,-15.3592,-173.0763,40.9,6.6,0,14,0,0.159305810676482
729222.421942824,1.0288,120.33,24.9,6.6,0,37,0,0.581379499065239
729134.013555556,-23.9607,-70.0246,49.3,6.6,0,3,0,-0.509700970282094
728994.222556134,10.1551,-104.0205,10,6.6,0,0,0,-Inf
728899.448777546,26.2711,-110.3618,12.2,6.6,0,1,0,-0.986822225001756
728802.923751273,-55.8781,-3.3776,10,6.6,0,2,0,-0.685792229337775
728534.775936806,44.7753,150.0447,18.6,6.6,0,24,1,0.39338901670985
728438.167155324,23.9051,122.4539,16,6.6,0,27,13,0.444541539157231
728340.713706597,-4.9706,104.3283,23.1,6.6,0,2,0,-0.685792229337775
728337.178092361,-10.7633,-128.8418,15,6.6,0,0,0,-Inf
728215.087503009,-5.8952,146.0253,24.4,6.6,0,77,0,0.899668500170726
728207.215148148,-6.1277,128.9698,35.9,6.6,0,4,0,-0.384762233673794
728199.567714699,-53.6417,-51.4879,17.3,6.6,0,1,0,-0.986822225001756
728121.566923727,-25.2319,-70.0546,52.4,6.6,0,0,0,-Inf
728098.495064005,-28.5786,-176.7592,15.6,6.6,0,27,4,0.444541539157231
728065.906120949,-15.2876,-173.2934,21.3,6.6,0,9,0,-0.0325797155624311
727994.418137963,-26.5237,-177.3351,18.2,6.6,0,3,0,-0.509700970282094
727967.560941667,37.6424,137.3057,31.6,6.6,0,23,0,0.374905611015837
727876.155100116,-15.7343,-179.7213,12.8,6.6,0,0,0,-Inf
727854.356029398,6.8794,-76.7619,14.3,6.6,0,71,0,0.864436123717319
727837.231921412,51.2572,-178.052,15.9,6.6,0,39,1,0.604242382024743
727802.404991898,1.36,-80.191,50,6.6,0,1,0,-0.986822225001756
727765.324161343,78.6289,5.4946,10,6.6,0,1,0,-0.986822225001756
727696.753965046,-16.5274,-172.3433,15,6.6,0,3,0,-0.509700970282094
727672.386716435,-5.4575,102.9402,25.8,6.6,0,16,0,0.217297757654169
727503.682900579,-30.2528,-177.9872,21.4,6.6,0,12,0,0.0923590210458689
727469.852054514,-5.804,150.9667,38.3,6.6,0,11,0,0.0545704601564689
727265.483661921,60.8555,167.0162,13,6.6,0,53,1,0.737453644599033
727152.107293403,3.894,97.4046,28.8,6.6,0,5,0,-0.287852220665737
727078.18526875,-0.1293,-80.2849,7.8,6.6,0,1,0,-0.986822225001756
726998.532968634,47.8476,85.0625,54.3,6.6,0,2,0,-0.685792229337775
726983.106974074,-6.0307,-77.2142,2.5,6.6,0,14,0,0.159305810676482
726683.480102662,23.0503,121.9314,11,6.6,0,15,0,0.189269034053925
726478.246515625,-3.1532,130.613,28.7,6.6,0,20,1,0.314207770662225
726384.198901968,-18.8201,-172.4075,42.4,6.6,0,2,0,-0.685792229337775
726329.745259838,-27.2705,-71.0854,38.2,6.6,0,12,0,0.0923590210458689
726307.60112419,-22.0694,174.8922,19,6.6,0,3,0,-0.509700970282094
726287.488342245,8.9346,137.9118,15,6.6,0,0,0,-Inf
726273.847143171,12.4018,121.0654,17,6.6,0,7,0,-0.141724184987499
726272.951184954,26.8119,-111.0365,10,6.6,0,3,0,-0.509700970282094
726161.230350926,55.1823,167.9245,33,6.6,0,12,0,0.0923590210458689
726114.312155903,-28.7057,-177.4517,26.8,6.6,0,3,0,-0.509700970282094
726035.704231713,-2.2876,138.3716,33,6.6,0,13,1,0.127121127305081
725987.498006366,-31.1305,-177.9233,23.4,6.6,0,11,1,0.0545704601564689
725915.011860069,-2.1319,138.183,22,6.6,0,5,0,-0.287852220665737
725814.150326968,32.001,131.81,35.6,6.6,0,7,0,-0.141724184987499
725740.919502083,-14.9926,167.9164,15,6.6,0,4,0,-0.384762233673794
725607.991544329,-34.5094,179.2907,33,6.6,0,7,1,-0.141724184987499
725540.759166088,5.645,125.2817,38.1,6.6,0,3,0,-0.509700970282094
725455.813635764,-2.4893,138.6858,18.4,6.6,0,9,0,-0.0325797155624311
725289.398294097,54.7282,-159.6493,30,6.6,0,9,0,-0.0325797155624311
725164.111265509,0.9698,-28.4377,10,6.6,0,0,0,-Inf
725079.815947917,43.4982,-127.6209,10,6.6,0,3,0,-0.509700970282094
724903.710193634,34.0056,141.6396,20.1,6.6,0,35,0,0.55724581934852
724679.898142593,-9.9593,160.4949,4.4,6.6,0,13,0,0.127121127305081
724632.043114931,-5.4369,151.8845,48.7,6.6,0,12,3,0.0923590210458689
724602.597936574,0.4841,-79.7856,38.8,6.6,0,1,0,-0.986822225001756
724587.68508588,1.5375,128.2201,26.3,6.6,0,25,9,0.411117783670282
724092.081658681,44.5595,151.0329,44.9,6.6,0,4,0,-0.384762233673794
723929.810705671,39.9591,24.391,10,6.6,0,7,0,-0.141724184987499
723874.979534838,-22.4963,170.5653,18.3,6.6,0,8,0,-0.0837322380098124
723792.233119907,43.5289,147.0452,20.8,6.6,0,16,0,0.217297757654169
723708.308623958,29.8952,57.7184,30.9,6.6,0,35,0,0.55724581934852
723700.241544676,-36.0018,-17.0778,10,6.6,0,0,0,-Inf
722915.071089583,3.0209,127.0058,37.9,6.6,0,14,0,0.159305810676482
722807.474464468,23.1656,122.0008,47,6.6,0,13,0,0.127121127305081
722368.495751042,-25.8717,-175.3686,24.1,6.6,0,9,0,-0.0325797155624311
737042.752578588,-54.2177,2.1681,10,6.5,0,0,0,-Inf
737029.272809722,-1.0802,-23.4323,10,6.5,0,0,0,-Inf
737012.103051852,9.5147,-84.4865,19.36,6.5,0,7,0,-0.0506162771729431
736915.555434491,33.1926,103.8552,9,6.5,0,7,0,-0.0506162771729431
736882.336078935,11.1111,124.6194,6.96,6.5,0,5,0,-0.196744312851181
736825.974736921,-56.4277,-25.7827,17.39,6.5,0,34,1,0.635764599855055
736788.736325926,-22.6784,25.1558,29,6.5,0,4,0,-0.293654325859238
736736.585925,9.9071,125.4516,15,6.5,0,10,0,0.1042856828128
736672.617901968,40.4753,-126.1528,12.08,6.5,0,1,0,-0.8957143171872
736670.919136458,5.2834,96.1678,13,6.5,0,4,0,-0.293654325859238
736161.636492824,13.8008,-58.5702,19.4,6.5,0,18,1,0.359558187916106
736071.661727778,-16.0488,-178.4403,12.6,6.5,0,1,3,-0.8957143171872
735971.213266667,6.1087,-82.6574,7.9,6.5,0,8,0,0.00737566980474358
735764.466009954,-10.1131,91.0383,23.1,6.5,0,1,0,-0.8957143171872
735732.274589468,7.1451,-82.24,13.1,6.5,0,19,0,0.383039283765629
735648.393921643,14.596,-58.9719,28.3,6.5,0,0,0,-Inf
735569.058515278,-7.0288,128.4151,25.9,6.5,0,12,0,0.183466928860425
735538.961095139,-30.3139,-71.5019,19.8,6.5,0,2,0,-0.594684321523219
735462.104967593,-41.7685,174.0796,13.8,6.5,0,42,1,0.727534973210701
735436.214955671,-41.6856,174.3589,16.3,6.5,0,78,5,0.99638028550328
735409.919608565,10.6905,-42.6687,17.5,6.5,0,2,0,-0.594684321523219
735347.968553935,-3.8359,152.2033,24.4,6.5,0,4,0,-0.293654325859238
735338.064174074,-6.5017,154.6407,47.1,6.5,0,30,1,0.581406937532462
735303.952675116,-6.6966,148.2433,28.9,6.5,0,47,1,0.776383540748518
735189.758834028,49.2365,155.6545,50.8,6.5,0,8,0,0.00737566980474358
735138.986070602,51.5408,-178.1844,26.8,6.5,0,3,0,-0.418593062467538
735092.516176736,38.4023,46.838,8.7,6.5,0,25,0,0.502225691484838
735075.472544907,-9.669,159.8561,23.7,6.5,0,5,0,-0.196744312851181
734790.149480093,-6.6259,147.9311,43.2,6.5,0,3,0,-0.418593062467538
734755.820522338,49.3886,-127.0648,15.4,6.5,0,1,0,-0.8957143171872
734695.866028819,9.5277,122.2457,21.6,6.5,0,113,2,1.15736412629622
734638.775820486,-6.066,154.4323,46.9,6.5,0,4,0,-0.293654325859238
734492.779165741,28.3681,59.15,14.5,6.5,0,11,0,0.145678367971025
734452.170429861,-45.5992,96.3646,15.3,6.5,0,1,0,-0.8957143171872
734384.46953831,51.6273,-176.0005,45.8,6.5,0,22,0,0.446708363635006
734258.966477894,60.4708,-177.8509,13.3,6.5,0,4,1,-0.293654325859238
734254.124910417,22.2406,123.8157,23.2,6.5,0,2,0,-0.594684321523219
734211.338946875,37.7839,141.6548,40.1,6.5,0,5,1,-0.196744312851181
734148.019234375,40.6654,-124.4669,20.6,6.5,0,3,0,-0.418593062467538
734090.129147106,-19.469,-70.4181,36,6.5,0,5,0,-0.196744312851181
733995.171194444,-11.6019,166.2285,40.3,6.5,0,93,0,1.07276863136674
733938.220590278,4.675,126.707,33,6.5,0,16,1,0.308405665468725
733909.037385069,-31.4495,-178.5584,32.5,6.5,0,25,0,0.502225691484838
733838.451737963,80.3143,-1.9637,14.2,6.5,0,1,2,-0.8957143171872
733732.978553241,-6.68,117.47,10,6.5,0,0,0,-Inf
733560.604884028,-59.5987,150.0487,10,6.5,0,0,0,-Inf
733551.816383102,7.3593,-34.891,10,6.5,0,1,0,-0.8957143171872
733522.510303356,-1.1526,-23.5243,10,6.5,0,1,0,-0.8957143171872
733513.958265625,51.9,-179.3687,25.9,6.5,0,13,0,0.218229035119637
733470.396605208,46.3868,153.1289,36.8,6.5,0,22,1,0.446708363635006
733462.615550116,-2.4237,99.9232,35,6.5,0,22,4,0.446708363635006
733448.515316435,-60.7841,-25.5944,10,6.5,0,3,0,-0.418593062467538
733371.828567824,-8.2256,118.5261,31.6,6.5,0,12,4,0.183466928860425
733371.668267593,-8.3523,118.3369,35.5,6.5,0,17,0,0.334734604191074
733274.946162037,8.1252,-39.2485,0.7,6.5,0,6,0,-0.117563066803556
733270.360743287,-9.8291,159.4616,9.5,6.5,0,22,0,0.446708363635006
733269.848761574,50.3359,-177.5748,18.9,6.5,0,12,0,0.183466928860425
733217.017562269,-55.6106,-2.4337,10,6.5,0,2,0,-0.594684321523219
732929.823871065,13.537,121.677,1,6.5,0,18,0,0.359558187916106
732913.91016169,51.1751,157.398,54.2,6.5,0,1,0,-0.8957143171872
732842.179683796,51.7708,177.1416,29,6.5,0,22,0,0.446708363635006
732825.133457523,-5.7084,151.2007,43.9,6.5,0,79,0,1.00191277410324
732774.354681134,-16.5638,176.999,13.5,6.5,0,3,0,-0.418593062467538
732767.556266551,-29.6842,-176.8148,24.8,6.5,0,110,0,1.14567836797102
732648.550802199,38.0593,142.1795,38.4,6.5,0,12,0,0.183466928860425
732614.170774653,-45.2183,96.9253,10,6.5,0,7,0,-0.0506162771729431
732478.828048958,-44.8867,-80.5067,10,6.5,0,0,0,-Inf
732448.162669213,-32.6619,-179.3045,38.9,6.5,0,13,0,0.218229035119637
732444.469137847,-57.4719,-139.0552,10,6.5,0,1,0,-0.8957143171872
732437.800265625,6.3074,-82.6577,10,6.5,0,4,1,-0.293654325859238
732358.612772917,4.7472,126.5139,35.9,6.5,0,2,0,-0.594684321523219
732331.258011458,33.9633,141.5349,12.7,6.5,0,62,1,0.896677372311054
732187.570452778,-34.9752,-70.3148,6.5,6.5,0,13,0,0.218229035119637
732156.164230324,-0.5197,133.1017,30.9,6.5,0,9,0,0.0585281922521249
731940.862889005,-22.1534,169.5401,6.4,6.5,0,204,0,1.4139158502387
731940.299441204,8.3639,-82.8165,33.4,6.5,0,20,0,0.405315678476781
731903.718336806,12.1064,125.4699,47.9,6.5,0,6,0,-0.117563066803556
731777.782387037,-3.8952,152.2726,33,6.5,0,7,1,-0.0506162771729431
731688.618629861,-54.8046,1.1821,10,6.5,0,0,0,-Inf
731492.672568171,23.3039,-108.496,10,6.5,0,0,0,-Inf
731472.936451157,13.005,93.105,21,6.5,0,32,0,0.609435661132706
731442.581887268,14.036,146.278,54.5,6.5,0,0,0,-Inf
731428.011629398,7.94,-82.807,10,6.5,0,16,0,0.308405665468725
731394.24350162,-7,104.088,33,6.5,0,30,0,0.581406937532462
731389.123859606,35.589,49.022,10,6.5,0,9,0,0.0585281922521249
731380.060639468,-47.819,99.739,10,6.5,0,3,0,-0.418593062467538
731250.299669792,38.52,31.202,22.1,6.5,0,8,0,0.00737566980474358
731105.622809375,-0.624,133.128,33,6.5,0,10,0,0.1042856828128
731016.825555093,51.149,-179.862,18,6.5,0,7,2,-0.0506162771729431
730929.244623958,-4.044,128.013,33,6.5,0,6,0,-0.117563066803556
730840.474932523,-39.019,-74.732,11,6.5,0,3,0,-0.418593062467538
730798.291660301,7.141,-77.841,17,6.5,0,3,0,-0.418593062467538
730761.101073495,-7.845,30.817,39.6,6.5,0,4,0,-0.293654325859238
730707.487318403,18.162,-102.577,16.2,6.5,0,6,0,-0.117563066803556
730697.51788831,33.899,139.375,8.4,6.5,0,152,5,1.28612927075757
730678.064196296,57.447,-154.409,42.2,6.5,0,3,0,-0.418593062467538
730658.035961111,63.905,-20.742,10,6.5,0,0,0,-Inf
730654.653263079,63.922,-20.467,10,6.5,0,4,0,-0.293654325859238
730464.776718518,-36.293,-97.369,4.7,6.5,0,2,0,-0.594684321523219
730333.360472454,-30.394,-177.834,10,6.5,0,14,0,0.250413718491038
730320.095202546,-28.577,-177.598,49.9,6.5,0,2,0,-0.594684321523219
730230.794481134,-31.868,-179.02,49.4,6.5,0,2,0,-0.594684321523219
730068.229334259,-6.9466,128.9937,35,6.5,0,28,0,0.551443714155019
730001.734679282,-29.3682,-71.6196,12,6.5,0,4,0,-0.293654325859238
729965.750361921,-2.7226,138.9656,43.8,6.5,0,9,0,0.0585281922521249
729907.231992824,52.8757,160.0159,48.6,6.5,0,6,0,-0.117563066803556
729808.263128472,-8.31,114.95,2,6.5,0,10,0,0.1042856828128
729805.593651968,-4.507,129.055,38.6,6.5,0,11,0,0.145678367971025
729741.193655093,51.1694,178.8257,21.7,6.5,0,12,0,0.183466928860425
729631.343140856,-3.5229,144.3689,6.4,6.5,0,2,0,-0.594684321523219
729631.287504398,-15.1665,-175.5628,33,6.5,0,2,0,-0.594684321523219
729622.577278704,-41.7913,80.1827,10,6.5,0,1,0,-0.8957143171872
729610.93564919,-15.6098,-179.0754,10,6.5,0,1,0,-0.8957143171872
729551.912448611,-35.7475,-108.0959,10,6.5,0,2,0,-0.594684321523219
729425.442953588,37.7385,57.2892,35.7,6.5,0,6,1,-0.117563066803556
729288.173937732,9.4749,126.3234,39.5,6.5,0,381,3,1.68521065848842
729222.158667245,56.0452,165.0018,36.6,6.5,0,8,0,0.00737566980474358
729073.992688194,-1.2386,-14.2928,10,6.5,0,1,0,-0.8957143171872
729071.406233565,-1.4733,-15.3018,10.6,6.5,0,1,0,-0.8957143171872
728925.93881794,-10.7143,-78.5797,39.1,6.5,0,1,0,-0.8957143171872
728793.481467708,-8.4097,125.1057,11.2,6.5,0,6,0,-0.117563066803556
728763.552287037,-60.7739,-20.0212,10,6.5,0,1,0,-0.8957143171872
728678.628544213,5.0881,-72.9399,36.6,6.5,0,10,0,0.1042856828128
728643.472444329,-37.4565,177.5939,10.7,6.5,0,46,0,0.767043514494374
728638.678926389,18.1152,-101.4289,53.8,6.5,0,1,0,-0.8957143171872
728603.094475231,-57.2523,157.6266,17.7,6.5,0,1,0,-0.8957143171872
728439.169224884,-4.1894,135.5143,33,6.5,0,4,0,-0.293654325859238
728425.346016667,-2.0171,99.777,21.1,6.5,0,10,0,0.1042856828128
728179.117290972,-31.7879,-179.4586,30.3,6.5,0,1,1,-0.8957143171872
728145.480041551,-1.6598,99.5957,15.4,6.5,0,1,0,-0.8957143171872
727896.134417824,-31.2821,-71.9752,11.7,6.5,0,14,0,0.250413718491038
727889.944134144,-56.6192,-26.2014,20.1,6.5,0,16,0,0.308405665468725
727868.607255903,-2.3564,141.2334,37.8,6.5,0,12,0,0.183466928860425
727861.349315972,-29.6403,-177.3515,18.7,6.5,0,16,3,0.308405665468725
727859.96420162,-30.0684,-177.0307,15.7,6.5,0,24,5,0.484496924524406
727859.37804919,-30.1884,-177.2491,26.3,6.5,0,28,0,0.551443714155019
727755.396846528,44.6181,149.4823,19.9,6.5,0,19,0,0.383039283765629
727740.271427199,-28.3014,-176.767,20,6.5,0,1,0,-0.8957143171872
727737.167144792,-60.759,-22.0502,11.8,6.5,0,1,0,-0.8957143171872
727657.138820255,-5.6982,151.138,47.6,6.5,0,8,0,0.00737566980474358
727600.050441898,-5.712,103.1295,35,6.5,0,9,0,0.0585281922521249
727545.79104838,45.4525,151.6533,18.7,6.5,0,127,28,1.20808940376876
727292.641213542,-6.0402,-77.1296,20.7,6.5,0,48,0,0.785526920188387
727283.165551852,21.7117,121.7747,17.7,6.5,0,7,0,-0.0506162771729431
727250.108035301,58.4298,-175.4485,20.2,6.5,0,0,1,-Inf
727099.884163542,33.3704,138.468,33.9,6.5,0,10,0,0.1042856828128
727031.885234028,16.4517,121.0893,29.7,6.5,0,93,22,1.07276863136674
727030.310123495,15.6982,121.2211,25.1,6.5,0,165,0,1.32176962702671
727028.24613206,0.0435,-17.382,11.1,6.5,0,2,0,-0.594684321523219
726961.001158102,6.8962,-82.6347,9.6,6.5,0,3,0,-0.418593062467538
726822.005792708,8.1092,126.8356,21,6.5,0,57,8,0.860160538485292
726727.08689294,40.3559,51.5747,42.1,6.5,0,19,0,0.383039283765629
726645.143798032,19.418,-155.1178,3,6.5,0,1,0,-0.8957143171872
726513.264116551,-10.474,161.3792,20.7,6.5,0,1,0,-0.8957143171872
726477.571258565,46.9504,153.429,14,6.5,0,43,0,0.737754138392387
726183.980151736,77.5908,125.5212,34,6.5,0,0,0,-Inf
726124.503448958,-19.8034,133.951,5,6.5,0,18,4,0.359558187916106
726065.552738079,33.123,-116.0204,2,6.5,0,5,5,-0.196744312851181
726016.841382292,52.9512,159.9337,35.7,6.5,0,7,0,-0.0506162771729431
725964.753014931,-28.0933,-70.8683,16.9,6.5,0,0,0,-Inf
725909.240395023,54.1977,-162.6616,33.8,6.5,0,8,0,0.00737566980474358
725728.59627338,-56.8888,-48.8074,10,6.5,0,0,0,-Inf
725725.154100926,-9.9951,119.1243,25,6.5,0,0,0,-Inf
725560.685376505,10.3132,56.8139,8,6.5,0,4,0,-0.293654325859238
725437.003908449,40.3694,51.5985,28.2,6.5,0,15,0,0.280376941868481
725260.172073495,-6.3679,149.7515,10.2,6.5,0,25,2,0.502225691484838
725191.663758912,-17.231,167.8316,27.9,6.5,0,12,0,0.183466928860425
725142.842163773,-56.7201,-25.4005,10,6.5,0,7,0,-0.0506162771729431
725082.620849653,16.9809,-62.4585,20.2,6.5,0,11,0,0.145678367971025
724947.200584607,8.1644,-38.773,10,6.5,0,2,0,-0.594684321523219
724571.181689005,-60.748,-25.6026,24,6.5,0,13,0,0.218229035119637
724396.585948958,41.4997,143.8351,9,6.5,0,9,0,0.0585281922521249
724384.457512847,27.7824,62.0698,44.5,6.5,0,2,0,-0.594684321523219
724369.118087963,8.7957,-83.1137,43.8,6.5,0,24,0,0.484496924524406
724321.138947801,55.0336,-159.188,45.5,6.5,0,3,0,-0.418593062467538
723872.62873206,18.7456,120.857,38.9,6.5,0,0,0,-Inf
723853.574710417,43.5559,-127.6996,10,6.5,0,3,0,-0.418593062467538
723847.190480556,-31.3819,-110.7909,10,6.5,0,0,1,-Inf
723132.863647685,-23.6089,-174.8477,32,6.5,0,8,0,0.00737566980474358
722903.690269676,-30.4,178.9099,33,6.5,0,0,0,-Inf
722888.463319329,17.7634,-101.2954,2.8,6.5,0,9,0,0.0585281922521249
722709.649962269,33.3692,57.4371,34.1,6.5,0,33,0,0.622799622690688
722654.61295706,22.1922,121.4236,34.2,6.5,0,33,0,0.622799622690688
721818.111388194,40.3138,63.7208,9.7,6.5,0,27,0,0.535649446971787
737037.41053588,10.009,140.1315,20.27,6.4,0,10,5,0.195393590627356
737037.015905093,10.1164,140.2197,12.79,6.4,0,15,0,0.371484849683037
737016.940503472,29.8327,94.9776,8,6.4,0,5,0,-0.105636405036625
736920.130677778,-3.7682,101.6228,31,6.4,0,2,0,-0.503576413708663
736894.087035532,-16.4206,-73.6296,44.92,6.4,0,2,0,-0.503576413708663
736889.150101968,-4.7722,153.1958,34.78,6.4,0,13,0,0.309336942934193
736536.81858287,-2.969,148.0345,14,6.4,0,0,0,-Inf
736507.470269444,39.4793,73.3388,13,6.4,0,71,0,1.04665193934643
736409.951625347,54.294,162.8129,30,6.4,0,2,0,-0.503576413708663
736368.680012616,-6.6214,154.7073,31.62,6.4,0,6,0,-0.0264551589890003
736365.831567014,22.9387,120.5928,23,6.4,0,6,0,-0.0264551589890003
736148.047062616,37.4703,78.1205,19,6.4,0,23,0,0.557121426644949
736135.090366319,-36.3349,-73.6674,17.4,6.4,0,8,0,0.0984835776192996
736074.071504745,24.0574,122.4319,28.1,6.4,0,21,0,0.517612885361275
736053.366968981,-15.5745,-172.9139,15.8,6.4,0,19,5,0.474147191580185
736014.55455,-16.4423,168.2083,13.4,6.4,0,18,0,0.450666095730662
735834.939158796,-32.6953,-71.4416,32,6.4,0,3,0,-0.327485154652982
735779.661440394,-15.1011,-175.5143,26,6.4,0,5,0,-0.105636405036625
735731.776815162,-49.9255,-114.7631,7.1,6.4,0,3,0,-0.327485154652982
735679.570253009,7.6804,94.2252,19.3,6.4,0,59,0,0.9662456022695
735669.113961574,-60.8439,-20.1181,10,6.4,0,2,0,-0.503576413708663
735632.393479514,-32.9594,-177.9203,32.6,6.4,0,24,0,0.575604832338962
735511.726553819,-38.707,78.5007,11,6.4,0,6,0,-0.0264551589890003
735507.247162847,-30.8752,-178.2538,37.8,6.4,0,17,0,0.42584251200563
735400.73228206,11.7418,-87.0457,41.4,6.4,0,12,0,0.274574836674981
735266.92821088,-11.0263,165.4374,30,6.4,0,660,8,2.01493752616922
735217.441687963,31.1122,-119.6273,15.8,6.4,0,2,0,-0.503576413708663
735075.019280324,2.6255,96.1109,28.6,6.4,0,4,0,-0.202546418044682
734877.17170162,-10.5892,165.3084,33.3,6.4,0,14,0,0.341521626305594
734821.170283565,-0.953,126.8799,24.4,6.4,0,16,0,0.399513573283281
734768.963239699,-15.4477,-175.0799,12.7,6.4,0,7,0,0.0404916306416129
734680.511568866,-2.3891,136.6608,25.3,6.4,0,15,0,0.371484849683037
734659.493907755,-55.8442,147.235,14.4,6.4,0,0,0,-Inf
734593.00832037,-16.5479,-177.3915,19.4,6.4,0,6,0,-0.0264551589890003
734569.006691551,-10.3299,160.7456,44.1,6.4,0,5,0,-0.105636405036625
734495.583720486,52.9769,171.1047,26.4,6.4,0,4,1,-0.202546418044682
734354.540572222,51.3848,-178.4933,33.3,6.4,0,6,0,-0.0264551589890003
734126.543245023,23.7932,121.7033,50.1,6.4,0,7,0,0.0404916306416129
734116.667167014,-0.7227,-21.1384,10,6.4,0,0,0,-Inf
734059.848528935,52.5322,-167.1647,14.1,6.4,0,9,6,0.149636100066681
734059.234286805,52.7113,-166.9856,16.7,6.4,0,12,0,0.274574836674981
734040.303043403,18.8111,-107.2085,30.2,6.4,0,4,0,-0.202546418044682
734028.837804398,10.7159,-67.9132,19.6,6.4,0,0,0,-Inf
733955.395949653,34.1472,25.5396,13.7,6.4,0,14,0,0.341521626305594
733864.163213542,-3.5296,144.2344,16.8,6.4,0,1,0,-0.804606409372644
733792.14953125,-22.5598,170.9638,16.3,6.4,0,36,2,0.751696091394643
733788.310645486,-22.2597,170.6371,22.2,6.4,0,50,0,0.894363594963375
733734.667814815,-22.5087,171.2201,46.1,6.4,0,42,0,0.818642881025257
733710.481040856,30.4973,67.5633,2.9,6.4,0,39,10,0.786458197653855
733709.965257407,30.5928,67.3746,18.8,6.4,0,48,1,0.876634828002943
733675.106311343,17.5209,-105.4553,10,6.4,0,1,0,-0.804606409372644
733629.251229051,-61.0098,153.9057,10,6.4,0,1,0,-0.804606409372644
733567.517704861,37.9608,21.4486,15.8,6.4,0,2,0,-0.503576413708663
733559.192989931,-41.2531,80.4853,0.5,6.4,0,0,0,-Inf
733479.474702546,-16.6226,167.4016,16,6.4,0,7,1,0.0404916306416129
733416.351950694,32.4042,85.2551,27.7,6.4,0,17,0,0.42584251200563
733402.92009919,52.5935,-168.2481,36.1,6.4,0,26,0,0.610366938598174
733274.573841782,6.11,127.4461,23.8,6.4,0,13,1,0.309336942934193
733271.1278625,-5.2834,129.4668,42.4,6.4,0,4,1,-0.202546418044682
733148.556002431,-58.0707,148.1983,17.5,6.4,0,0,0,-Inf
733107.159490393,-0.5271,100.4647,22.5,6.4,0,12,0,0.274574836674981
732993.507869444,16.853,119.643,1,6.4,0,2,0,-0.503576413708663
732973.88708125,29.47,140.3444,31.1,6.4,0,17,0,0.42584251200563
732962.754145718,-31.2948,-71.4364,43.8,6.4,0,6,0,-0.0264551589890003
732823.954176273,-8.0827,110.2737,19.9,6.4,0,7,0,0.0404916306416129
732807.113145139,52.6031,-169.2162,54.5,6.4,0,9,0,0.149636100066681
732700.252074074,-17.3824,167.7923,33.4,6.4,0,17,0,0.42584251200563
732668.513922338,-54.6061,-135.9541,10,6.4,0,1,2,-0.804606409372644
732653.98115787,-30.2691,-177.6182,35.2,6.4,0,26,0,0.610366938598174
732646.703984491,6.2251,124.0402,36.8,6.4,0,15,2,0.371484849683037
732621.450238426,-3.2027,148.2153,32.3,6.4,0,1,0,-0.804606409372644
732418.69309456,1.8465,97.6843,37.8,6.4,0,157,9,1.39129324303659
732365.100941898,30.7699,56.8066,13,6.4,0,11,0,0.236786275785581
732334.854362384,-7.7818,159.5118,36.3,6.4,0,0,0,-Inf
732271.338449074,9.59,-84.149,24.5,6.4,0,8,0,0.0984835776192996
732107.952862384,-51.5976,139.6448,10,6.4,0,0,1,-Inf
731854.589357176,-30.6604,-177.3669,32.7,6.4,0,42,1,0.818642881025257
731846.198339583,19.7982,-70.6599,10,6.4,0,17,0,0.42584251200563
731826.769446759,-15.2917,-173.1703,10,6.4,0,9,1,0.149636100066681
731787.401246065,-1.5612,149.681,37.8,6.4,0,1,0,-0.804606409372644
731665.120447685,-8.3286,120.6717,46.3,6.4,0,1,0,-0.804606409372644
731608.747523264,-45.9606,35.2909,10,6.4,0,1,0,-0.804606409372644
731479.65527662,-1.696,134.31,10,6.4,0,100,4,1.19539359062736
731385.580819676,-30.789,-71.041,52.9,6.4,0,3,0,-0.327485154652982
731383.115465972,8.921,-83.956,47.1,6.4,0,3,0,-0.327485154652982
731188.480950116,-16.448,-177.386,33,6.4,0,2,0,-0.503576413708663
731177.97558912,-16.271,177.995,33,6.4,0,4,1,-0.202546418044682
731094.670140857,12.301,46.255,15.7,6.4,0,6,0,-0.0264551589890003
731058.01503044,39.097,24.268,19,6.4,0,18,0,0.450666095730662
731007.375109954,-6.884,146.338,37,6.4,0,24,0,0.575604832338962
730866.244627315,-40.338,78.33,10,6.4,0,1,0,-0.804606409372644
730757.974800232,-0.248,-80.603,18.7,6.4,0,25,0,0.593333599299394
730688.07889919,9.418,-85.324,42.2,6.4,0,30,0,0.672514845347018
730683.140085764,20.292,122.14,18.1,6.4,0,0,0,-Inf
730647.766318634,23.861,121.185,35.6,6.4,0,27,0,0.626757354786343
730643.622935532,29.411,131.458,26.6,6.4,0,2,0,-0.503576413708663
730494.912990972,-18.822,174.346,48.7,6.4,0,1,0,-0.804606409372644
730493.055348148,-9.864,159.926,2.7,6.4,0,0,0,-Inf
730406.065051157,54.652,-161.213,30,6.4,0,3,0,-0.327485154652982
730354.399768519,-40.469,-74.847,33.9,6.4,0,2,0,-0.503576413708663
730256.642973264,-2.599,138.217,49.9,6.4,0,4,0,-0.202546418044682
730210.246354398,6.109,-82.705,10,6.4,0,5,0,-0.105636405036625
730191.46903125,-20.4042,-174.0894,33,6.4,0,2,0,-0.503576413708663
730173.042038426,-21.383,169.651,23.4,6.4,0,4,0,-0.202546418044682
730144.025769213,30.61,131.136,48.2,6.4,0,2,0,-0.503576413708663
729994.377506597,39.5762,77.3403,33,6.4,0,9,2,0.149636100066681
729789.126391551,15.9184,-96.2446,29.2,6.4,0,5,0,-0.105636405036625
729765.204462384,-12.0264,-72.0638,33,6.4,0,6,0,-0.0264551589890003
729712.546971412,37.4824,20.6923,10,6.4,0,42,0,0.818642881025257
729676.569167014,36.3483,22.1048,13.3,6.4,0,3,0,-0.327485154652982
729539.710172454,-35.9445,-102.4959,10,6.4,0,0,0,-Inf
729521.927957523,-36.1161,-97.6809,10,6.4,0,1,0,-0.804606409372644
729428.361980324,-19.8737,-173.2283,38.7,6.4,0,4,0,-0.202546418044682
729300.408369213,11.7729,125.5176,46.8,6.4,0,19,1,0.474147191580185
729198.022380324,-53.8178,8.735,10,6.4,0,0,0,-Inf
729184.971687153,51.4243,-178.1193,23.4,6.4,0,94,0,1.16852144422705
728998.272302431,-9.0015,124.6884,37.7,6.4,0,21,0,0.517612885361275
728987.725135417,44.431,149.1129,27.8,6.4,0,210,0,1.51761288536128
728919.714820486,-17.1229,66.6909,8.5,6.4,0,2,0,-0.503576413708663
728902.71571331,-15.8122,166.4116,32.1,6.4,0,0,0,-Inf
728810.672692593,18.998,-107.4129,32.4,6.4,0,1,0,-0.804606409372644
728792.36612338,40.1673,21.6864,13.9,6.4,0,63,1,0.994734140080938
728772.122135995,51.3155,179.7132,0.5,6.4,0,12,0,0.274574836674981
728709.168940162,40.5611,-125.5335,10,6.4,0,1,0,-0.804606409372644
728693.10526875,-62.7125,155.6997,10,6.4,0,1,0,-0.804606409372644
728579.280343634,13.8611,124.5839,25.6,6.4,0,3,3,-0.327485154652982
728524.196494213,44.6331,150.1388,14.7,6.4,0,42,2,0.818642881025257
728443.591566667,20.5378,94.1826,40,6.4,0,3,0,-0.327485154652982
728392.049083681,40.5677,143.7458,13.3,6.4,0,13,0,0.309336942934193
728368.150249421,11.1597,-88.0813,23.2,6.4,0,0,0,-Inf
728292.325140046,-20.2679,169.8241,18.7,6.4,0,16,0,0.399513573283281
728078.284880671,19.0996,-26.4806,12,6.4,0,1,0,-0.804606409372644
728051.477028819,-56.4067,-24.5753,12.9,6.4,0,3,0,-0.327485154652982
728000.584430787,-14.3506,-178.2699,5.2,6.4,0,2,0,-0.503576413708663
727929.845230787,-32.1255,-178.0658,16.4,6.4,0,21,0,0.517612885361275
727860.972051042,42.5713,45.1159,16.4,6.4,0,2,0,-0.503576413708663
727835.587548727,24.0748,122.6459,42.7,6.4,0,3,0,-0.327485154652982
727818.164890509,-6.0808,26.6392,10.8,6.4,0,6,0,-0.0264551589890003
727787.635353241,32.6115,141.89,10.9,6.4,0,22,0,0.537816271449562
727660.802923611,15.407,-92.839,50,6.4,0,0,0,-Inf
727627.159657407,-3.0196,147.9164,19.4,6.4,0,2,0,-0.503576413708663
727543.710527083,-17.7812,-115.9864,10,6.4,0,11,1,0.236786275785581
727444.378803704,-17.8562,-116.0124,8.5,6.4,0,4,0,-0.202546418044682
727444.364453241,33.6947,138.7447,27.2,6.4,0,6,0,-0.0264551589890003
727381.218369329,-1.0977,99.8282,28.7,6.4,0,0,0,-Inf
727359.733212731,23.7655,-45.3776,9.7,6.4,0,0,0,-Inf
727238.679840856,-9.9145,159.1305,9.9,6.4,0,4,0,-0.202546418044682
727178.612297454,-15.3903,-173.1254,12.8,6.4,0,8,1,0.0984835776192996
727149.520022917,42.9436,78.073,8.9,6.4,0,1,0,-0.804606409372644
727143.781864236,28.2299,55.4695,15.7,6.4,0,5,0,-0.105636405036625
727093.574614931,-53.1699,159.6383,10,6.4,0,0,0,-Inf
727070.658243403,0.5442,126.0699,2.2,6.4,0,5,0,-0.105636405036625
726991.392583333,-3.5327,144.4518,29.3,6.4,0,0,0,-Inf
726966.182759259,-40.2791,176.0461,23.6,6.4,0,13,0,0.309336942934193
726837.230782986,-15.4219,-172.9087,42.6,6.4,0,2,0,-0.503576413708663
726768.07354375,39.8177,143.7266,3.3,6.4,0,89,7,1.14478359727227
726724.486676389,-35.6254,-17.4195,12,6.4,0,1,1,-0.804606409372644
726709.178039815,18.0472,-105.6899,16.6,6.4,0,1,0,-0.804606409372644
726663.863033912,-8.0409,125.1607,52.3,6.4,0,2,0,-0.503576413708663
726537.90955787,-13.6965,34.4452,30,6.4,0,3,0,-0.327485154652982
726453.414782292,-29.8249,-177.9099,33.5,6.4,0,2,0,-0.503576413708663
726442.670518866,-15.3073,-173.5233,43.6,6.4,0,3,0,-0.327485154652982
726140.760487847,50.7642,173.4396,36.4,6.4,0,3,0,-0.327485154652982
726059.685475,12.8427,124.8031,21.1,6.4,0,2,0,-0.503576413708663
725928.784608796,55.1269,165.4611,7.5,6.4,0,5,0,-0.105636405036625
725894.778113079,10.6817,126.0936,25.9,6.4,0,32,1,0.700543568947262
725802.079738889,0.0734,-77.6377,5.3,6.4,0,13,0,0.309336942934193
725774.516531366,37.016,141.7192,37.2,6.4,0,20,0,0.496423586291337
725766.113740394,1.2896,126.2649,45.1,6.4,0,28,0,0.642551621969575
725670.866004398,-17.6473,168.0691,34.6,6.4,0,8,0,0.0984835776192996
725509.680829514,52.2603,-174.2915,26,6.4,0,36,2,0.751696091394643
725499.949410764,51.5363,-174.8368,19.1,6.4,0,223,5,1.54369845367552
725476.619568518,-57.7758,-24.3829,11,6.4,0,1,0,-0.804606409372644
725327.175215857,-38.5941,78.3459,10,6.4,0,0,0,-Inf
725318.982317593,7.7344,137.0161,16.8,6.4,0,0,0,-Inf
725231.159237268,37.767,141.7744,51.7,6.4,0,4,0,-0.202546418044682
725223.108609144,7.4616,123.471,34.4,6.4,0,0,0,-Inf
725216.958275347,-60.3006,-27.0018,33,6.4,0,3,0,-0.327485154652982
725191.133008333,-54.8391,146.4352,10,6.4,0,0,0,-Inf
725141.757778356,-10.6255,41.3315,33.4,6.4,0,25,1,0.593333599299394
724979.172588542,44.15,148.1994,35.5,6.4,0,35,0,0.739461634977632
724913.002483218,-25.8769,-175.9002,21,6.4,0,1,0,-0.804606409372644
724728.837881482,-4.6077,145.8333,25,6.4,0,10,0,0.195393590627356
724621.384610764,8.1405,137.2054,33,6.4,0,1,0,-0.804606409372644
724553.78624838,-26.5498,-70.6202,4.8,6.4,0,13,0,0.309336942934193
724358.256586921,-6.4819,154.6378,36.2,6.4,0,18,3,0.450666095730662
724333.299283102,49.2296,155.5605,47.5,6.4,0,2,0,-0.503576413708663
724064.526091319,-18.1118,-172.5064,33,6.4,0,10,0,0.195393590627356
723991.105623727,42.2279,142.4597,26.5,6.4,0,65,1,1.00830694727021
723361.305629398,34.814,139.2929,19.4,6.4,0,8,1,0.0984835776192996
723161.332690046,1.6216,-79.3422,28.1,6.4,0,44,0,0.838846267113543
722955.343037153,56.6514,-156.7222,54.9,6.4,0,4,0,-0.202546418044682
722874.893826389,60.7354,-141.5475,16.9,6.4,0,12,0,0.274574836674981
722783.828344444,16.0734,-96.5469,22.8,6.4,0,24,0,0.575604832338962
722324.300226157,-8.0998,125.3809,4.1,6.4,0,14,0,0.341521626305594
722295.469220949,-8.0433,155.5643,3.3,6.4,0,6,0,-0.0264551589890003
722287.495396991,-53.8173,158.8442,33,6.4,0,1,0,-0.804606409372644
722195.967503588,-9.8984,160.4388,49.3,6.4,0,80,0,1.0984835776193
721948.674361343,6.2185,124.1049,8.3,6.4,0,67,0,1.02146839332818
721944.976933912,26.6967,97.0421,31.4,6.4,0,0,0,-Inf
736976.867346296,-61.7431,154.5526,10,6.3,0,1,0,-0.713498501558086
736938.713145255,-1.159,99.6881,43.14,6.3,0,0,0,-Inf
736934.179062616,-1.4513,148.0803,8,6.3,0,5,0,-0.0145284972220672
736915.977697685,44.3014,82.8268,20,6.3,0,7,0,0.131599538456171
736858.519896643,38.9154,26.3713,12,6.3,0,5,0,-0.0145284972220672
736733.919394676,25.2011,63.2577,24.05,6.3,0,1,0,-0.713498501558086
736524.507787384,-28.0052,-176.443,12,6.3,0,32,2,0.79165147676182
736500.407912037,-20.2793,169.0737,13,6.3,0,25,3,0.684441507113952
736488.802260764,1.2789,126.3712,31,6.3,0,20,0,0.587531494105895
736488.452519907,18.3637,-105.1731,10,6.3,0,2,0,-0.412468505894105
736401.754684722,51.5648,-173.9423,19,6.3,0,21,3,0.608720793175833
736372.418333912,-9.6338,119.4013,28,6.3,0,1,0,-0.713498501558086
736370.022978472,-30.5723,-71.5838,29,6.3,0,37,0,0.854703222508909
736152.215600231,43.9697,148.0042,51.1,6.3,0,9,0,0.240744007881239
736108.610422106,-19.4781,-175.936,15.1,6.3,0,1,0,-0.713498501558086
736108.203743056,-16.8146,-14.2615,11.7,6.3,0,6,2,0.0646527488255576
736053.34585625,-15.4394,-172.905,15.2,6.3,0,22,1,0.62892417926412
736011.91729537,-55.5186,-28.2292,18.1,6.3,0,10,0,0.286501498441914
735906.367010417,-41.824,80.0437,7.4,6.3,0,2,1,-0.412468505894105
735852.115372569,-0.2248,125.0265,39.9,6.3,0,11,0,0.327894183600139
735794.333301968,5.7144,126.4776,20,6.3,0,24,1,0.66671274015352
735734.344862963,6.3995,144.9597,16.7,6.3,0,0,1,-Inf
735673.994123843,-5.6717,-80.9351,26.5,6.3,0,2,0,-0.412468505894105
735619.119971759,-40.6371,175.7893,32.9,6.3,0,7,0,0.131599538456171
735612.167413542,18.9922,-66.8685,30.9,6.3,0,2,0,-0.412468505894105
735538.501497107,23.5436,121.458,14.8,6.3,0,10,0,0.286501498441914
735537.119322222,-35.4018,-73.1515,11.9,6.3,0,4,1,-0.111438510230124
735437.292844329,-46.0946,34.8615,3.2,6.3,0,1,0,-0.713498501558086
735400.674329745,34.4507,25.044,21.5,6.3,0,27,0,0.717865262600901
735387.238238426,23.8318,121.059,17,6.3,0,4,0,-0.111438510230124
735374.409122801,-45.0062,-80.7244,35,6.3,0,0,0,-Inf
735333.495025347,28.4463,51.629,12.8,6.3,0,57,0,1.04237635411441
735185.862683681,57.557,-142.8596,19,6.3,0,1,0,-0.713498501558086
735137.989865393,24.7742,-110.1836,8.1,6.3,0,8,0,0.189591485433858
735126.202639583,-3.3008,100.6703,23.3,6.3,0,3,0,-0.236377246838424
735115.766068866,-10.677,113.9646,34.8,6.3,0,65,2,1.09941485508477
735099.404110648,-1.3518,120.1275,27.9,6.3,0,6,1,0.0646527488255576
735049.880242477,43.4335,84.6125,17.1,6.3,0,4,0,-0.111438510230124
735037.855798727,38.9159,142.0492,45.1,6.3,0,14,0,0.432629534120152
735024.135701273,5.4503,-82.5631,9.5,6.3,0,2,1,-0.412468505894105
735024.031439583,5.2944,-82.6322,15,6.3,0,3,0,-0.236377246838424
735013.949843403,73.0279,5.5053,8.2,6.3,0,7,0,0.131599538456171
735007.083839236,-44.6403,-80.4601,35,6.3,0,0,0,-Inf
734709.035307407,-3.1908,150.7538,29.7,6.3,0,6,0,0.0646527488255576
734670.002518518,-5.8845,151.2013,26.9,6.3,0,35,0,0.83056954279219
734655.538437616,-37.5547,-73.8322,10,6.3,0,5,0,-0.0145284972220672
734480.225406829,-56.4318,-25.64,29,6.3,0,47,0,0.958599356377631
734441.637916898,-57.116,-142.4191,10,6.3,0,2,0,-0.412468505894105
734415.561561806,24.2175,125.2495,32.8,6.3,0,4,0,-0.111438510230124
734389.48446412,-20.7545,169.9858,50,6.3,0,2,1,-0.412468505894105
734388.676082176,-15.8867,-179.1931,14.7,6.3,0,0,0,-Inf
734366.146460764,-17.8076,65.6026,14.7,6.3,0,0,0,-Inf
734353.505874305,1.2978,126.2794,50.6,6.3,0,2,0,-0.412468505894105
734349.164058449,52.4218,159.9224,30.3,6.3,0,7,1,0.131599538456171
734329.488576389,11.1664,146.0823,16.9,6.3,0,2,0,-0.412468505894105
734323.913800579,39.6611,142.5792,30.1,6.3,0,8,0,0.189591485433858
734319.307265162,16.2901,-97.9585,27.8,6.3,0,3,0,-0.236377246838424
734283.422989352,35.2837,-35.9366,15.4,6.3,0,1,0,-0.713498501558086
734201.013105324,22.9301,120.8,27,6.3,0,8,0,0.189591485433858
734176.256948611,23.4364,123.6909,23,6.3,0,3,0,-0.236377246838424
734013.077852662,37.6678,95.7622,12.1,6.3,0,29,0,0.74889949634087
733967.753502778,24.0511,122.2343,24.4,6.3,0,6,0,0.0646527488255576
733929.146221065,41.8075,143.5371,34,6.3,0,0,0,-Inf
733926.095216435,-17.7809,168.0258,34.6,6.3,0,39,1,0.877566105468413
733878.83443669,-3.1277,100.4562,27.8,6.3,0,8,1,0.189591485433858
733869.064382176,42.37,13.3188,14.1,6.3,0,14,0,0.432629534120152
733844.974703819,5.518,-82.7165,10.7,6.3,0,1,0,-0.713498501558086
733832.606323958,-60.5682,-24.9192,15,6.3,0,4,0,-0.111438510230124
733791.591536343,-30.227,-177.8567,31.5,6.3,0,11,0,0.327894183600139
733762.437039583,36.5464,142.5025,0.1,6.3,0,20,0,0.587531494105895
733750.777194444,-53.0197,106.8029,10,6.3,0,0,0,-Inf
733734.784523032,-1.1892,-14.0194,8,6.3,0,0,0,-Inf
733734.667391898,-4.3759,101.227,26.1,6.3,0,9,0,0.240744007881239
733731.257899421,8.3262,-82.9022,44.6,6.3,0,3,0,-0.236377246838424
733722.056941088,37.6199,95.8853,0.1,6.3,0,7,0,0.131599538456171
733704.419871875,-2.5799,145.6023,12.3,6.3,0,9,0,0.240744007881239
733687.354687384,29.8445,90.3787,6.4,6.3,0,21,0,0.608720793175833
733648.640551042,-0.0245,-17.4395,4.5,6.3,0,2,1,-0.412468505894105
733647.066337963,51.6568,104.1442,10,6.3,0,7,0,0.131599538456171
733560.081527778,20.1472,121.371,33.2,6.3,0,9,0,0.240744007881239
733557.656954167,63.9564,-20.9875,10,6.3,0,0,0,-Inf
733548.578891435,51.1882,178.7859,29.2,6.3,0,4,0,-0.111438510230124
733514.024863079,-18.6398,-175.7335,6.8,6.3,0,1,1,-0.713498501558086
733507.474793866,-20.1839,168.965,51.2,6.3,0,121,5,1.36928686875836
733507.467559144,-20.1769,168.8782,9.6,6.3,0,125,4,1.38341151144997
733417.067602431,43.8352,-126.9091,10,6.3,0,0,0,-Inf
733375.143334606,-36.721,-97.4335,10,6.3,0,0,0,-Inf
733317.750100694,54.5424,-161.7764,44.5,6.3,0,11,0,0.327894183600139
733313.066586343,-21.1773,169.4755,17,6.3,0,68,30,1.11901041114815
733313.04293831,-21.2422,169.3926,14.4,6.3,0,77,22,1.1729922236144
733226.351399653,0.72,-30.2614,10,6.3,0,0,0,-Inf
733178.372374421,20.5752,100.7579,1.3,6.3,0,1,1,-0.713498501558086
733152.073573843,25.6589,125.1102,11.6,6.3,0,11,2,0.327894183600139
733137.164460532,37.3777,-24.6318,4.3,6.3,0,36,0,0.842803999209201
733097.108588542,-6.9657,-80.446,9.9,6.3,0,1,0,-0.713498501558086
733012.58459213,-8.347,118.7378,46.8,6.3,0,5,0,-0.0145284972220672
732959.417922917,20.7439,120.0744,18.4,6.3,0,58,0,1.04992949200485
732936.406545023,-3.0581,129.5395,25.3,6.3,0,28,0,0.733659529784133
732855.755131481,6.4794,92.7114,27.4,6.3,0,3,0,-0.236377246838424
732852.885447454,-0.4075,123.3431,37.6,6.3,0,11,0,0.327894183600139
732792.76827963,1.9989,97.0287,33.3,6.3,0,18,0,0.54177400354522
732722.644040046,20.9322,146.2107,48.9,6.3,0,0,0,-Inf
732635.590422801,2.1772,96.8046,28.5,6.3,0,22,1,0.62892417926412
732497.483390509,-42.2012,42.7599,10,6.3,0,0,1,-Inf
732453.216369097,-3.2328,-80.9455,39.7,6.3,0,12,0,0.365682744489539
732442.047965046,-6.2221,103.1613,21.8,6.3,0,2,0,-0.412468505894105
732409.836576042,30.5171,83.6553,14.7,6.3,0,9,0,0.240744007881239
732377.223384028,84.9165,99.7162,2.9,6.3,0,13,2,0.400444850748751
732352.782034491,26.1249,144.0635,17.3,6.3,0,3,0,-0.236377246838424
732272.486889931,15.733,-61.6785,21.2,6.3,0,34,0,0.817980415484169
732271.917874537,13.3489,-90.2823,39.6,6.3,0,7,0,0.131599538456171
732218.645747685,-52.5011,28.0501,10,6.3,0,1,0,-0.713498501558086
732147.334583681,49.5521,-127.0113,25.5,6.3,0,1,0,-0.713498501558086
732127.292698611,10.6412,-87.1749,9,6.3,0,1,0,-0.713498501558086
732096.872348032,34.1728,141.4289,35.3,6.3,0,23,0,0.648229334459507
732095.526887037,36.3211,51.5879,17,6.3,0,10,0,0.286501498441914
732080.415754861,-3.619,150.7052,6,6.3,0,7,0,0.131599538456171
732074.060205903,-21.9278,170.1904,16.7,6.3,0,14,1,0.432629534120152
732045.206812037,-36.3279,-97.9141,10,6.3,0,2,0,-0.412468505894105
732001.102620139,35.2629,-3.9978,8.9,6.3,0,24,0,0.66671274015352
731955.941264931,-5.9687,149.3698,21.4,6.3,0,3,1,-0.236377246838424
731876.489934259,-6.0662,147.7629,45.6,6.3,0,1,0,-0.713498501558086
731872.935590741,0.492,126.1058,51,6.3,0,11,1,0.327894183600139
731831.555124884,-22.4397,172.0582,49.5,6.3,0,16,2,0.490621481097839
731807.218682407,38.9924,20.5648,12,6.3,0,7,0,0.131599538456171
731714.889746296,-17.2911,167.6922,33.3,6.3,0,6,0,0.0646527488255576
731710.851576389,-48.15,32.3516,10,6.3,0,0,0,-Inf
731702.018804745,38.9987,40.4637,10,6.3,0,5,0,-0.0145284972220672
731688.03378044,37.5167,96.5054,15,6.3,0,13,0,0.400444850748751
731652.987197917,26.649,-110.5775,10.3,6.3,0,1,0,-0.713498501558086
731636.085918634,39.5173,77.2105,26.2,6.3,0,28,0,0.733659529784133
731580.200810995,7.3164,123.2772,16.8,6.3,0,16,0,0.490621481097839
731570.593535764,-3.0634,147.9553,33,6.3,0,6,0,0.0646527488255576
731540.897539699,35.3458,74.5921,13,6.3,0,12,0,0.365682744489539
731508.506307986,44.161,149.8723,33,6.3,0,8,0,0.189591485433858
731483.959352199,-10.658,161.29,11.2,6.3,0,39,11,0.877566105468413
731361.233709838,53.903,-161.082,33,6.3,0,10,0,0.286501498441914
731177.973885648,-16.341,178.1,33,6.3,0,5,0,-0.0145284972220672
731170.043827315,-1.542,-15.657,10,6.3,0,1,0,-0.713498501558086
731123.111185301,-18.494,168.173,25.9,6.3,0,8,0,0.189591485433858
731096.421426736,-54.411,-136.856,10,6.3,0,5,0,-0.0145284972220672
731065.98688287,56.246,163.77,16.2,6.3,0,1,0,-0.713498501558086
730991.181764352,18.864,-104.473,33,6.3,0,0,0,-Inf
730945.322305787,-5.266,132.341,10,6.3,0,3,0,-0.236377246838424
730819.434148843,-25.005,-70.965,34.5,6.3,0,0,0,-Inf
730762.176024884,40.195,143.137,19.3,6.3,0,0,0,-Inf
730707.006034838,-15.716,167.981,29.8,6.3,0,3,0,-0.236377246838424
730644.907590972,26.798,97.187,33,6.3,0,1,0,-0.713498501558086
730612.57239213,-11.317,165.418,17,6.3,0,3,0,-0.236377246838424
730583.797582986,-17.698,65.93,10,6.3,0,0,0,-Inf
730549.100248727,-60.161,150.294,10,6.3,0,0,0,-Inf
730478.809789931,-56.103,146.895,10,6.3,0,3,1,-0.236377246838424
730455.807710764,17.625,-82.348,10,6.3,0,1,0,-0.713498501558086
730411.113464931,-56.194,-26.61,25.1,6.3,0,3,0,-0.236377246838424
730329.422492477,-30.342,-178.067,47.1,6.3,0,12,0,0.365682744489539
730144.333431134,-26.45,74.497,10,6.3,0,4,0,-0.111438510230124
730078.65233044,22.6733,125.7718,23,6.3,0,0,0,-Inf
730067.309603472,-9.1338,121.4503,46.9,6.3,0,3,0,-0.236377246838424
729997.075100347,17.0897,148.1379,31.1,6.3,0,2,0,-0.412468505894105
729987.625097454,51.5803,175.1778,36.3,6.3,0,15,1,0.462592757497595
729896.938508912,-43.3649,41.5525,38.4,6.3,0,1,0,-0.713498501558086
729617.317929977,-4.3961,-105.7343,10,6.3,0,0,0,-Inf
729612.389248958,-16.0503,124.4227,10,6.3,0,0,0,-Inf
729567.806348843,-49.761,-114.6525,10,6.3,0,1,0,-0.713498501558086
729537.333700463,-15.353,-173.2083,33,6.3,0,14,0,0.432629534120152
729466.337390625,-6.66,105.4835,50.9,6.3,0,5,0,-0.0145284972220672
729385.866927546,-2.2319,138.9168,30.3,6.3,0,7,0,0.131599538456171
729335.83401713,28.0368,143.5796,9,6.3,0,35,0,0.83056954279219
729333.725667361,7.3801,-77.4045,10,6.3,0,2,0,-0.412468505894105
729308.639616088,3.4854,97.8767,19.7,6.3,0,0,0,-Inf
729288.002314468,9.5913,126.3468,51.1,6.3,0,378,0,1.86399329827914
729242.90225787,-1.9698,-81.0284,23.4,6.3,0,7,0,0.131599538456171
729182.733056481,-41.2808,80.6722,10,6.3,0,0,0,-Inf
729089.61979213,24.0831,122.2662,41.8,6.3,0,7,1,0.131599538456171
729023.507710069,40.7061,143.4345,25.6,6.3,0,5,0,-0.0145284972220672
728968.687491667,-4.9264,103.2335,44.1,6.3,0,2,0,-0.412468505894105
728910.052415394,-56.118,-122.4818,10,6.3,0,0,2,-Inf
728900.30959375,-48.0102,99.49,10,6.3,0,1,1,-0.713498501558086
728825.010963194,38.4043,22.2719,2.9,6.3,0,11,0,0.327894183600139
728808.312337616,-10.3519,164.1259,26.4,6.3,0,3,0,-0.236377246838424
728744.094605208,-56.0131,-28.3929,48.7,6.3,0,4,0,-0.111438510230124
728703.52078912,-1.2508,127.5045,38.7,6.3,0,54,8,1.01889525826488
728703.363658102,-1.2649,127.5158,34.5,6.3,0,61,1,1.07183133345268
728618.707701157,-1.998,135.9596,16,6.3,0,1,0,-0.713498501558086
728594.740254282,43.4388,-127.5231,20,6.3,0,3,0,-0.236377246838424
728540.740749537,-21.1744,173.6472,27.3,6.3,0,0,0,-Inf
728520.063394676,44.5824,149.9882,54.5,6.3,0,53,4,1.0107773680427
728411.391285995,-21.5219,-173.618,34.2,6.3,0,0,0,-Inf
728283.580725579,-6.8471,131.374,5.9,6.3,0,2,0,-0.412468505894105
728192.428960185,0.7573,-29.3451,10,6.3,0,0,0,-Inf
728116.120183681,-24.5624,-111.886,10,6.3,0,0,0,-Inf
728066.668675232,-5.3416,152.0137,18.8,6.3,0,12,2,0.365682744489539
728036.85606713,-16.5688,-177.3667,9.7,6.3,0,0,0,-Inf
727942.785210995,-50.8594,139.4639,9.9,6.3,0,0,0,-Inf
727778.243208912,-0.8529,127.6404,29.6,6.3,0,9,0,0.240744007881239
727730.117316319,24.0044,95.9676,17.3,6.3,0,2,0,-0.412468505894105
727709.704911227,19.6046,-77.8658,23.1,6.3,0,5,0,-0.0145284972220672
727704.514270139,33.3547,71.3279,16.3,6.3,0,3,0,-0.236377246838424
727702.971767477,7.3995,-82.3341,17.8,6.3,0,1,0,-0.713498501558086
727642.273941898,17.206,120.8703,32,6.3,0,3,0,-0.236377246838424
727559.3816875,51.0409,98.1543,13.5,6.3,0,12,0,0.365682744489539
727523.526675463,5.8368,126.8785,42,6.3,0,1,0,-0.713498501558086
727483.685009375,-13.7336,166.686,40.9,6.3,0,3,0,-0.236377246838424
727427.81226412,40.2684,-124.1331,12,6.3,0,1,0,-0.713498501558086
727364.050892361,-58.2893,-24.2481,16.9,6.3,0,5,0,-0.0145284972220672
727293.660267593,-14.2299,-75.4982,48.7,6.3,0,1,0,-0.713498501558086
727292.140958681,7.0657,-78.1378,37.5,6.3,0,1,0,-0.713498501558086
727245.058057523,48.2781,154.3439,8,6.3,0,4,0,-0.111438510230124
727223.735145602,-2.1385,139.0246,22,6.3,0,9,0,0.240744007881239
727108.629684838,-23.992,-174.6596,9.3,6.3,0,1,0,-0.713498501558086
726949.401230208,36.205,100.2174,9.6,6.3,0,13,1,0.400444850748751
726944.788160995,-36.8422,-73.1469,39.5,6.3,0,1,0,-0.713498501558086
726904.612032176,51.4479,-175.0569,14,6.3,0,11,0,0.327894183600139
726883.232377894,-40.3627,176.0838,24.9,6.3,0,5,0,-0.0145284972220672
726758.686030208,-4.0037,152.4248,23.5,6.3,0,3,0,-0.236377246838424
726681.012552546,-4.4907,138.971,14,6.3,0,6,0,0.0646527488255576
726644.859428125,1.1484,-79.6033,28,6.3,0,2,0,-0.412468505894105
726619.246069329,-45.1606,167.0756,13.8,6.3,0,7,0,0.131599538456171
726612.56336331,56.1469,164.1988,19,6.3,0,1,0,-0.713498501558086
726578.958266667,57.1683,122.0147,26,6.3,0,4,0,-0.111438510230124
726573.857061574,29.9729,99.2295,21.4,6.3,0,45,0,0.939714012217258
726386.764185532,-28.586,-177.5699,28,6.3,0,1,0,-0.713498501558086
726290.662703935,41.719,144.2433,19.3,6.3,0,5,0,-0.0145284972220672
726265.512113079,-15.2126,-173.5332,41.8,6.3,0,1,0,-0.713498501558086
726228.41961088,-26.8239,-113.2699,10,6.3,0,1,0,-0.713498501558086
726201.967634259,-3.3841,145.739,28,6.3,0,1,0,-0.713498501558086
726124.164879745,-19.7812,133.9246,5,6.3,0,20,1,0.587531494105895
726124.024978356,-19.8247,133.8569,5,6.3,0,21,0,0.608720793175833
726069.169287037,-0.303,124.8811,45.7,6.3,0,4,0,-0.111438510230124
726035.698775,5.4401,36.7967,15,6.3,0,3,0,-0.236377246838424
726022.581303819,-7.2997,154.3609,23.1,6.3,0,19,0,0.565255099394743
725852.807065394,2.3785,98.9213,29.9,6.3,0,3,0,-0.236377246838424
725628.394727431,-60.7863,-36.742,10,6.3,0,1,0,-0.713498501558086
725574.612793518,37.5261,-118.4416,0.3,6.3,0,15,2,0.462592757497595
725534.575040625,10.5994,-62.9316,32.5,6.3,0,7,0,0.131599538456171
725513.241100694,43.629,148.3805,40.1,6.3,0,12,0,0.365682744489539
725478.53625544,43.8672,147.5792,0.9,6.3,0,8,0,0.189591485433858
725368.23534213,-5.7553,104.1824,25,6.3,0,16,0,0.490621481097839
725357.114321412,11.7071,-85.8553,31.1,6.3,0,4,0,-0.111438510230124
725355.282072106,3.6944,126.6543,25,6.3,0,10,0,0.286501498441914
725309.551157639,36.7453,54.8108,12.6,6.3,0,5,0,-0.0145284972220672
725265.113130671,-4.0933,136.0748,10,6.3,0,14,2,0.432629534120152
725230.416457176,54.1487,168.6935,29.3,6.3,0,0,0,-Inf
725194.150902431,-29.7018,-177.7798,45.1,6.3,0,2,0,-0.412468505894105
725143.59754919,-29.0393,77.7813,29.8,6.3,0,0,0,-Inf
725129.371712963,48.8344,156.1928,41.9,6.3,0,4,0,-0.111438510230124
725088.613144792,-6.6095,105.3958,45.4,6.3,0,2,0,-0.412468505894105
725038.189561458,-46.0061,165.1598,10,6.3,0,2,0,-0.412468505894105
724963.284386227,0.2188,98.0507,41.8,6.3,0,3,0,-0.236377246838424
724860.796274769,32.3906,131.9639,45.1,6.3,0,6,0,0.0646527488255576
724804.087207176,-30.6768,-71.2018,49.5,6.3,0,3,0,-0.236377246838424
724632.17464456,11.8542,-13.5064,11,6.3,0,0,0,-Inf
724618.554175926,3.7429,148.969,44.5,6.3,0,0,0,-Inf
724600.829454514,17.3801,-61.5607,30.7,6.3,0,0,0,-Inf
724300.345588542,16.1369,-95.2483,49.8,6.3,0,11,0,0.327894183600139
724234.185578935,-10.612,-74.6854,14,6.3,0,9,0,0.240744007881239
724099.446573495,-51.1514,160.6423,10,6.3,0,4,0,-0.111438510230124
724093.320759954,51.3934,-179.9408,51.1,6.3,0,2,0,-0.412468505894105
724069.458085532,16.5772,-98.3436,19.9,6.3,0,13,1,0.400444850748751
724038.235134491,-60.7537,-20.9512,10,6.3,0,0,0,-Inf
723934.734365625,31.6752,82.2837,25,6.3,0,16,0,0.490621481097839
723854.609829977,-20.0116,-174.2334,21,6.3,0,2,0,-0.412468505894105
723609.915361343,38.2437,23.2596,31.9,6.3,0,26,1,0.701474846412732
723576.36994213,51.8217,176.1449,21.5,6.3,0,19,0,0.565255099394743
723234.243793634,43.4664,146.5874,49,6.3,0,35,0,0.83056954279219
723070.22078831,-1.7122,136.0491,33.3,6.3,0,31,0,0.777863192276187
723020.81342338,-11.1609,107.7225,32.2,6.3,0,1,0,-0.713498501558086
722989.122905671,49.8855,78.9159,8.5,6.3,0,4,0,-0.111438510230124
722665.757830556,-26.518,-70.6639,49.1,6.3,0,1,0,-0.713498501558086
722412.393326736,-31.0411,-67.7644,4.3,6.3,0,86,0,1.22099994968548
722375.726856019,-27.9276,173.1281,33,6.3,0,5,0,-0.0145284972220672
722323.826415856,-59.5398,-20.5896,33,6.3,0,4,0,-0.111438510230124
722308.071378588,-17.5816,-174.3933,52.9,6.3,0,0,0,-Inf
722126.945222338,-60.96,-22.9649,33,6.3,0,0,0,-Inf
722068.671301505,28.2693,130.6664,11.1,6.3,0,14,0,0.432629534120152
721998.751565509,-6.4306,152.9947,19.5,6.3,0,1,0,-0.713498501558086
721929.448347569,39.7127,118.3715,37.1,6.3,0,31,15,0.777863192276187
721928.821456134,39.5593,117.8724,9.6,6.3,0,41,0,0.899285355161649
721912.704554745,7.4823,-78.2765,25.3,6.3,0,60,0,1.06465274882556
721891.870241435,3.4022,96.2831,1,6.3,0,39,0,0.877566105468413
721740.420356481,44.7419,149.1504,5.1,6.3,0,116,0,1.35095948766883
721733.664273958,-29.477,-177.5658,29.4,6.3,0,38,1,0.866285095058724
