MSt,MSlat,MSlon,MSdepth,MSmag,MSfms,MSprod,FSprod,MSres,SeismoWidth,Background,Time_appended_cat1,Lat_appended_cat1,Lon_appended_cat1,Depth_appended_cat1,Mw_appended_cat1,Mo_appended_cat1,Width_appended_cat1,Length_appended_cat1,Strike_appended_cat1,Dip_appended_cat1,Rake_appended_cat1,RuptureVelocity_appended_cat1,RuptureTime_appended_cat1,StressDrop_appended_cat1,Young_appended_cat1,Poisson_appended_cat1
734970.3601,2.33,93.06,20,8.6,1,65,0,-0.174535599851541,33.38,1.80250509839102e-15,734970,2.3484,93.0725,23,8.65,1.2251029e+22,48,330,108.34,86.98,169.94,1.46,6.18,60,118716750130.843,0.284680397883331
733297.4656,-4.44,101.37,34,8.5,3,99,0,0.107412704465366,32.54,1.92555232649424e-14,733297,-4.517,101.382,30,8.44,6.0391478e+21,320,352,320,15,114,2.21,8.11,5,172047389584.776,0.279614601032487
731025.8564,-16.26,-73.64,33,8.4,3,44,0,-0.145543347283785,33.84,5.98971787433113e-15,731025,-16.26,-73.64,33,8.38,4.8607351e+21,240,396,309.99,17.53,62.6,2.05,6.8,2.2,144570329489.601,0.276787991275869
728571.5576,43.71,147.33,33,8.3,3,76,0,0.191044034873031,33.8,2.67363169344603e-14,728571,43.71,147.33,48,8.32,4.0375501e+21,140,210,158,41,24.04,2.21,4.6,14,172314616165.572,0.27952031615098
731849.8265,41.81,143.91,27,8.3,3,62,0,0.102622132090494,35.72,1.65066758750485e-14,731849,41.81,143.91,27,8.24,3.0654916e+21,227.5,272,240,17,132.36,2.02,4.85,4.8,156740235788.199,0.278122707337802
736223.9545,-31.57,-71.67,22.4,8.3,3,74,0,0.179462162323216,33.86,2.46997380042816e-14,736223,-31.5952,-71.6728,29,8.23,2.9107715e+21,158.4,300,6,19,105,1.47,5.55,3.3,95922313088.8535,0.30549814513867
729072.2496,-0.95,137.03,33,8.2,3,24,0,-0.210331849333941,30.91,5.41610921751902e-15,729072,-0.946,136.941,20,8.14,2.1736949e+21,148.77,280,109,17,69,2.38,5.34,4.6,112128329443.814,0.276563761596477
729839.1336,-62.88,149.53,10,8.1,1,6,0,-0.713165374299691,0,0,729839,-62.88,149.53,10,8.08,1.7240405e+21,21.36,384,99,74,-18,3.4,4.69,52,103729694258.504,0.290953144683549
732304.6244,-49.31,161.35,10,8.1,1,5,0,-0.792346620347316,23,0,732304,-49.31,161.35,10,8.08,1.7100321e+21,25.14,245,163,69,16.31,1.89,4.01,25,81983872909.9857,0.308988920283755
734045.7418,-15.49,-172.1,18,8.1,2,69,0,0.347532466053921,27,2.64830612405763e-14,734045,-15.6,-172.3,18,8.06,1.6319659e+21,49.023906837653,180,342.45,57.06,290.16,1.54,3.62,70,141506841562.232,0.280830177952414
728870.2162,-23.36,-70.31,47,8,3,18,0,-0.136817653217817,35.39,8.91083266286159e-15,732800,-20.19,-174.12,65,7.95,1.1232917e+21,130,156,221,22.04,122.98,2.01,3.64,7.8,172821445288.877,0.279487037997594
728941.65,19.15,-104.22,49,8,3,7,0,-0.546992118306866,33.51,2.20565456960425e-15,730864,13.05,-88.66,60,7.7,4.6609855e+20,127.5,168,307.31,55.5,273.62,1.35,2.16,9.4,170476165141.61,0.279283990683892
730806.2048,-3.98,152.17,33,8,1,65,0,0.420823198321733,39,3.15494136074235e-14,730806,-3.98,152.17,33,8.07,1.6563562e+21,60,220,328.02,65,3.19,1.76,5.37,20,172821445288.877,0.279487037997594
728996.7508,44.62,149.32,22.1,7.9,3,19,0,-0.0141100910060823,27.94,5.25345472303244e-14,728996,44.62,149.32,24,7.86,8.2000641e+20,216,196,227,12,95,2.44,5.17,1.2,103368800645.002,0.286463062594098
729186.1692,51.56,-177.63,33,7.9,3,18,0,-0.0375911868556051,27.94,4.16005551513528e-14,729186,51.56,-177.63,28,7.86,8.1305019e+20,183.3,325,265,15,84,1.62,4.76,0.7,79076699280.1595,0.295408168583132
730655.614,-13.8,97.45,10,7.9,1,2,0,-0.99183369629493,34.6,0,730655,-13.8,97.45,10,7.86,8.0369288e+20,21,192,161.3,63.48,354.5,1.99,2.63,104,85973085807.3462,0.296852747419203
735271.0503,-10.8,165.11,24,7.9,3,90,0,0.661378817480414,35.88,5.93372022855878e-14,735271,-10.7377,165.1378,28.7,8.03,1.4506814e+21,143,260,308,18,62,1.56,4.81,2.9,163313471943.793,0.279812683215698
736079.2579,28.15,84.71,15,7.9,3,9,0,-0.338621182519586,30,5.54416364814578e-16,736079,28.13,84.65,15,7.82,7.1023654e+20,168,193.2,293,7,108,2.4,3.08,2.1,83508564010.143,0.242788753968348
728447.7622,-10.47,112.98,39,7.8,3,22,0,0.148785455225508,38.43,0,730641,-4.72,102.09,41.2,7.84,7.6472875e+20,67.2,189,198.88,59,37.96,1.77,2.98,16,172821445288.877,0.279487037997594
729729.477,54.84,162.04,33,7.8,3,23,0,0.168090610420894,24.74,2.78396004446921e-14,729729,54.841,162.035,34,7.75,5.5183332e+20,160,204,202,23,74,2.34,3.74,1.4,170842841250.234,0.279550711252613
731169.3932,35.95,90.54,10,7.8,1,5,0,-0.49466722126068,23.1,1.68533630656211e-15,731169,35.95,90.54,10,7.84,7.4493991e+20,36.64,432,94.41,72,348.41,3.51,12.41,13,86956447859.6556,0.244466293832987
731902.2799,51.15,178.65,33,7.8,3,7,0,-0.348539185582442,28,2.89332839471684e-14,731902,51.15,178.65,30,7.73,5.2577996e+20,162,144,280.39,18.82,121.89,2.28,3.66,1.2,137262414510.591,0.277776679507782
733969.3906,-45.76,166.56,12,7.8,3,10,0,-0.193637225596698,23,5.84960730715901e-15,733969,-45.76,166.56,12,7.82,7.0639667e+20,55,120,29,26,137.81,1.75,4.28,15,104712749665.71,0.271651498446573
734234.9271,2.38,97.05,31,7.8,3,2,0,-0.892607229932717,27.51,3.18079690639358e-15,734234,2.36,97.132,31,7.81,6.8406583e+20,216,240,312.7,12.04,91.74,2.14,4.42,3.6,148040207548.209,0.277853009111114
735170.1279,52.79,-132.1,14,7.8,3,19,0,0.0851163753561304,8.35,2.36762894802635e-15,735170,52.742,-132.131,15,7.83,7.3267351e+20,82,252,323,30,120,1.86,3.97,4.6,97339325626.7932,0.26901342469068
735555.3784,-60.27,-46.4,10,7.8,1,5,0,-0.49466722126068,23,4.02792868499889e-15,735555,-60.2961,-46.362,12,7.89,8.9435565e+20,50,392,100,50,0,2.25,6.4,7.2,129139221548.996,0.287958962183203
736391.5346,-4.95,94.33,24,7.8,1,4,0,-0.591577234268736,35,0,736391,-4.905,94.236,24,7.77,6.0159401e+20,45,250,274,84,164,1.29,3.83,12,82884630669.5999,0.309975612949579
736436.999,0.35,-79.93,21,7.8,3,18,0,0.0616352795066075,28.91,5.40934213593282e-15,736436,0.3482,-79.972,20,7.82,7.0633008e+20,160,210,29,15,118,2.29,3.04,2.4,115086222619.087,0.273517035673407
728887.4357,-5.81,154.21,16,7.7,3,18,0,0.160861745868819,39,2.77793973016767e-14,730088,-2.07,124.89,16,7.69,4.4547768e+20,45,168,196,65,210,2.2,2.32,5.9,85013607402.9116,0.307070619251123
729341.7081,-14.99,-75.68,33,7.7,3,8,0,-0.191320772242543,34.75,9.40406361254448e-15,731039,-17.54,-72.08,33,7.59,3.2067802e+20,127.5,210,304,26,51.59,1.83,2.74,3.4,140576718286.652,0.278637537260455
729501.5017,-12.58,166.68,33,7.7,3,10,0,-0.0944107592344867,35,3.37729500291903e-14,728887,-5.786,154.181,30,7.7,4.59201e+20,94.4,144,320,39,9,2.19,4.25,4.8,148569376781.646,0.277636374630236
730088.5906,-2.07,124.89,33,7.7,1,10,0,-0.0944107592344867,37.06,5.70945113120736e-15,730807,-5.5,151.78,33,7.72,5.0791017e+20,116.8,180,240,32,64.1,1.89,4.07,3.4,119889873512.78,0.268105614238669
733360.6534,-22.25,-69.89,40,7.7,3,25,0,0.303529249437551,35.24,2.05188724219539e-15,733360,-22.25,-69.89,40,7.68,4.334064e+20,122.5,200,358,23,98,2.35,3.87,2.7,99332462724.0499,0.254454707993982
733776.8221,-0.41,132.88,17,7.7,3,23,0,0.267317076783106,26.1,1.18861626836326e-14,733776,-0.51,132.78,17,7.65,3.8738499e+20,104,152,94,28,48,1.34,1.69,3.6,88698483206.8041,0.258589336162244
726941.569,1.16,122.84,28,7.6,3,11,0,0.0462083922859509,30.1,6.10293165499794e-15,726941,1.16,122.84,26,7.59,3.210111e+20,100.5,136,112,31,122,2.31,2.31,2.2,127358041140.368,0.275304841272014
727310.9145,9.68,-83.08,10,7.6,3,6,0,-0.21703304248863,27.84,5.69933689359467e-15,727310,9.68,-83.08,10,7.57,2.98336e+20,75,222,103,25,58,2.14,2.88,5.2,98373704421.9097,0.260841870520753
727554.3633,45.47,151.05,26,7.6,3,4,0,-0.393124301544312,30.37,3.00370529380653e-14,727554,45.47,151.05,25,7.54,2.6693377e+20,128,230,226,19,99,2.4,2.65,0.8,75131334910.2142,0.30012209831733
727809.0111,11.76,-87.42,10,7.6,3,12,0,0.0839969531753508,38.92,1.04653318435015e-14,727809,11.4582,-87.62,9.5,7.61,3.3846163e+20,89.1,372,303,15,90,1.41,10.46,0.5,26778927435.1317,0.288391478724996
730349.0011,40.75,29.86,17,7.6,1,3,0,-0.518063038152612,27.06,9.2283847119642e-16,730349,40.75,29.86,17,7.53,2.5945313e+20,33.6,175,91,87,164,2.15,2.03,6.3,87307526141.3927,0.267612302695552
730877.1366,23.42,70.23,16,7.6,3,3,0,-0.518063038152612,26.4,0,730877,23.42,70.23,16,7.61,3.4296296e+20,48,140,65.59,63.73,59.84,1.8,2.49,7,93756957836.7649,0.256255548839548
731467.7808,-3.3,142.95,13,7.6,3,9,0,-0.0409417834329492,30.4,1.79708719450093e-14,731467,-3.3,142.95,13,7.54,2.6609517e+20,45,161,106.23,34.03,42.72,2,2.04,5.2,74789464312.5388,0.274443250424626
731797.1926,-60.53,-43.41,10,7.6,2,3,0,-0.518063038152612,28,7.90140084293174e-16,731797,-60.53,-43.41,10,7.55,2.793036e+20,15.8,140,105,48,336.62,1.81,3.08,31,152266179273.159,0.280247569011526
732787.9757,60.95,167.09,22,7.6,3,13,0,0.118759059434563,25.8,2.87748287337323e-15,732787,60.95,167.09,22,7.58,3.1041452e+20,72,174,206.51,40.34,76.49,1.85,2.49,3.9,98973816744.4507,0.263830059114278
733851.7623,-23.05,-174.66,34,7.6,3,8,0,-0.0920943058803305,30,3.93756799681483e-14,733851,-23.043,-174.66,31,7.69,4.4374496e+20,76.57,97.5,204.63,50,97.74,2.05,2.1,18,171551790881.798,0.279570644638117
734053.9189,-13.01,166.51,45,7.6,3,47,0,0.676913565063443,34.31,3.87299929966704e-14,734053,-13.01,166.51,45,7.6,3.2977165e+20,118.08,136,343.58,46,86.84,1.91,4.08,4.8,168201541088.054,0.279828602042596
734690.794,-29.54,-176.34,17,7.6,2,42,0,0.628064997525627,36.7,2.94619684318866e-14,734690,-29.312,-176.204,20,7.55,2.7847695e+20,72,216,169.65,52.49,254.86,1.26,2.52,8.2,124574862275.794,0.290286299971267
735701.8435,-11.27,162.15,22.6,7.6,1,25,0,0.402755715799764,33.63,2.61918536110118e-14,735701,-11.3149,162.2114,29.3,7.71,4.7974282e+20,95.2,200,115.8,69,24.05,1.6,3.02,7.2,117171091166.478,0.284850695457009
727369.2214,1.17,122.76,33,7.5,3,3,0,-0.4188365717904,23.95,2.11516929031222e-14,727369,1.17,122.76,31,7.47,2.0790291e+20,129.6,102,109,10,102,2.49,2.24,2.8,154979583729.667,0.278404182510164
730610.1814,-1.11,123.57,26,7.5,1,7,0,-0.0508597864958055,28.82,5.37425342492e-15,730610,-1.11,123.57,26,7.51,2.45891e+20,35,217,220,64.02,172.33,1.97,2.54,8.1,120721670310.089,0.274783714540793
731280.8862,6.03,124.25,31,7.5,3,6,0,-0.117806576126419,37,1.16596962011479e-14,731280,6.03,124.25,31,7.45,1.9504308e+20,133,203,314.09,24.66,69.61,2,2.04,2.9,140855478853.195,0.276811553150952
731499.4516,-1.76,134.3,10,7.5,1,3,0,-0.4188365717904,25.9,1.62842165211404e-14,731499,-1.76,134.3,10,7.54,2.6633453e+20,19.6,252,59.8,82.59,4.34,2.01,2.76,16,94783829811.9042,0.269145446521822
731603.0879,18.77,-104.1,24,7.5,3,3,0,-0.4188365717904,32.4,8.0566774332339e-15,731603,18.77,-104.1,24,7.46,2.0225539e+20,164.3,105,304,16,110.5,2.05,2.07,4.6,142236116397.781,0.27792859382424
731777.8527,-2.6,68.38,10,7.5,1,3,0,-0.4188365717904,0,9.49992367717792e-15,731777,-2.6,68.38,10,7.53,2.5493191e+20,19.65,280,36,79,158.85,1.94,4.56,6.1,55906416710.5271,0.319865293326076
732262.8935,-8.15,124.87,10,7.5,3,8,0,0.00713216048188126,31.84,9.06262226058981e-15,732262,-8.15,124.87,10.5,7.47,2.1081025e+20,84,98,67.2,22.5,72.27,2.16,2.34,4.1,92433525817.5518,0.268327401536147
733063.4776,1.07,126.28,22,7.5,3,21,0,0.426261468223857,35.05,7.22946821431562e-14,733063,1.07,126.28,22,7.45,1.9893466e+20,71.68,217.5,26,38,107.94,1.95,2.48,3.4,103553611111.799,0.271186067218148
734301.8103,7.88,91.94,35,7.5,1,6,0,-0.117806576126419,31.32,2.53110425105191e-15,734301,7.88,91.94,35,7.45,1.9811867e+20,81.2,108,115.1,66.14,149.13,1.77,2.15,10,172323174946.641,0.279519753124759
734948.7519,16.5,-98.22,20,7.5,3,6,0,-0.117806576126419,38.8,2.52763093556119e-14,734948,16.5,-98.22,20,7.42,1.7831935e+20,83.7,85,296,13,95,1.81,2.17,8.5,101489186518.127,0.267954165882121
735239.3738,55.39,-134.65,10,7.5,1,2,0,-0.594927830846081,7.20000000000002,1.76662255005308e-15,735239,55.2918,-134.7277,12,7.55,2.7712248e+20,24,160,335.78,73.45,184.39,2.05,2.62,16,94009008786.1558,0.26891174272959
735708.5611,-6.76,155.02,43.4,7.5,3,31,0,0.59540386732421,37.9,8.08142696327296e-14,735340,27.86,62.15,60,7.73,5.2373565e+20,108.3,144,232,61.7,250,2.07,3.14,6.5,154173823565.258,0.276724403775882
736052.992,-4.73,152.56,41,7.5,3,14,0,0.250170209168176,39,7.44279920655396e-14,736089,-5.5034,151.9151,42,7.47,2.0755723e+20,150,150,244,29,75,2.49,2.48,1.4,144665045376.316,0.275128407386977
736561.3142,-55.28,-31.88,10,7.5,3,17,0,0.334491094868212,31,5.36401393881407e-16,736561,-55.3394,-31.9394,12,7.38,1.5333185e+20,36,90,133,35,100,2.5,2.17,10,135998033187.456,0.284211749275978
726773.7678,39.8,142.84,38,7.4,3,8,0,0.106358626844094,33.18,2.67996691740745e-14,728088,51.22,157.84,46,7.47,2.132081e+20,153,180,211,29,90,2.32,2.65,1,148630640073.666,0.277525625625947
734493.722,26.9,143.7,14,7.4,2,18,0,0.458541144955456,34.2,2.49305956424171e-15,734493,26.8656,143.7392,14,7.37,1.4956213e+20,42,110,116.32,40.35,236.32,1.36,2.01,6.9,163789376427.092,0.279805080480172
734797.7481,-28.99,-176.24,33,7.4,3,6,0,-0.018580109764206,37,3.53086000931557e-14,734797,-28.99,-176.24,45,7.37,1.5109368e+20,65.8,60,206,40,83,1.69,2.06,7.6,172821445288.876,0.279487037997594
731942.6674,-22.01,169.77,10,7.3,3,22,0,0.644917787036569,32.87,4.98489239164558e-14,730450,-16.288,168.288,14,7.41,1.6854665e+20,62,230,170,40,67,1.67,3.31,3,101029370262.58,0.291675810667024
733728.7101,1.27,122.09,30,7.3,3,0,0,-Inf,22.14,1.6574731997969e-14,733458,2.77,95.96,26,7.39,1.5921202e+20,127.5,120,308,12,80,1.39,2.23,3.1,172821445288.877,0.279487037997594
733921.3505,16.72,-86.23,10,7.3,1,3,0,-0.220383639065975,37.65,7.83019991883855e-15,735108,12.14,-88.59,11.8,7.32,1.2646233e+20,98,152,284,15,77,1.74,4.02,0.5,66495717653.3177,0.279277377587194
734337.566,-5.93,150.59,35,7.3,3,11,0,0.343887791372588,39.56,4.79546368433938e-14,734337,-5.93,150.59,35,7.31,1.2139013e+20,129.15,126,257,24,82,2.32,2.04,3.1,131135739926.376,0.276292464863146
734360.2248,-17.54,168.07,25,7.3,3,10,0,0.302495106214363,33.01,7.9991006152242e-14,734360,-17.54,168.07,25,7.26,1.0172033e+20,75,80,345,33,126,1.18,2.17,8.6,169540975634.203,0.279687865362814
734497.5532,-19.7,167.94,16,7.3,2,25,0,0.700435114886401,32.72,1.99384936421509e-14,734497,-19.7,167.94,16,7.29,1.1411524e+20,45.6,115,150,49,242,1.22,2.15,13,135980575337.048,0.286365734633716
734571.1148,38.44,142.84,32,7.3,3,149,0,1.47568137462664,34.32,3.90291115552642e-14,734571,38.44,142.84,32,7.32,1.2542145e+20,75,96,193,12,78,1.52,2.17,4.5,172821445288.877,0.279487037997594
734678.1317,52.07,-171.84,52,7.3,2,5,0,0.0014651105503819,28.4,2.02749049666439e-14,736353,59.6585,-153.4521,127.8,7.12,6.2205808e+19,52.5,50,60,66,37,1.28,2.03,13,172821445288.876,0.279487037997594
735707.6024,17.4,-100.96,24,7.3,3,0,0,-Inf,41.1,1.99203759293003e-14,735707,17.4,-100.96,24,7.25,9.9761792e+19,75,114,303,18,98,2.24,2.14,4.9,132469039308.854,0.276671434063429
735886.1608,12.53,-88.12,40,7.3,2,0,0,-Inf,38.61,1.74212771069809e-14,735886,12.6127,-88.0734,40.5,7.29,1.1131799e+20,75,70,125.77,21.72,271.8,2,2.31,8.2,172821445288.876,0.279487037997594
727699.2952,-6.06,147.59,50,7.2,3,2,0,-0.297248431759444,33,2.53116870541077e-14,728149,12.994,144.752,59,7.74,5.2796836e+20,159.6,210,312,24,147,1.24,3.51,5.3,172821445288.876,0.279487037997594
728182.8006,14.73,-92.68,34,7.2,3,7,0,0.246819612590832,37.56,1.35568074890048e-14,730393,16.06,-96.93,40,7.38,1.5480472e+20,58.8,85,300,49,282,2.12,2.05,6.4,162590252748.967,0.278960345791543
731522.0598,2.82,96.08,30,7.2,3,2,0,-0.297248431759444,27.3,1.13726443916885e-14,731522,2.82,96.08,30,7.23,9.1105466e+19,84,70,297,16,73,2.63,1.95,2.6,168553476642.905,0.279292898752164
731814.5089,-45.1,167.14,28,7.2,3,2,0,-0.297248431759444,25,4.73270324312666e-15,731814,-45.1,167.14,28,7.17,7.5100215e+19,60,85,209,67,88,1.55,2.32,5.7,138733248909.472,0.276928416964666
732540.1156,38.28,142.04,36,7.2,3,2,0,-0.297248431759444,31.91,2.79626249537879e-14,732540,38.28,142.04,36,7.18,7.7272223e+19,56.1,114,202,25,81,1.31,2.04,5.5,172821445288.877,0.279487037997594
734878.7757,2.43,93.21,19,7.2,1,1,0,-0.598278427423425,34.88,1.21003736669329e-15,734878,2.43,93.21,19,7.17,7.5946684e+19,28,155,103,81,187,2.05,2.1,7.7,93469162105.2415,0.299139803066268
736554.0601,-22.48,173.12,16.4,7.2,1,8,0,0.304811559568518,32.64,1.23432675618968e-14,736554,-22.489,173.0954,16.1,7.24,9.602446e+19,28.75,90,292.34,52.45,184.82,2.46,1.92,8.4,139247973987.371,0.279564911122977
726205.9722,-17.32,-72.4,54,7.1,3,3,0,-0.0219307063415501,34.99,1.77624660840511e-15,732476,-20.01,-69.24,108,7.74,5.399882e+20,80,110,175,15,270,3.11,2.13,16,172821445288.877,0.279487037997594
726998.3201,11.33,122.17,15,7.1,1,1,0,-0.499051961061213,34.06,6.03724136157988e-15,726928,15.23,147.53,11,7.37,1.4684424e+20,35,75,26,61,280,2.07,1.9,5.9,52979413104.0256,0.325700211166361
733510.021,-55.66,158.45,16,7.1,3,2,0,-0.198021965397231,4.89,2.70117192074644e-15,736302,-47.74,85.183,20,7.1,5.819964e+19,63,95,49,54,312,1.21,2.1,5.9,101228946843.414,0.301417956177215
734735.7049,-18.36,168.14,32,7.1,3,16,0,0.705068021594712,33.16,5.87205269624744e-14,734735,-18.36,168.14,32,7.12,6.3735013e+19,65,70,334,29,93,1.41,2.12,8.1,172821445288.877,0.279487037997594
734799.4454,38.72,43.51,16,7.1,3,6,0,0.279099289322431,31.42,1.82606979765751e-15,736096,27.8428,86.1535,15,7.26,1.0367405e+20,81.9,125,305,9,116,2.25,3.21,3.3,84529171674.6799,0.254607371794872
736008.7911,52.65,-31.9,16.7,7.1,1,1,0,-0.499051961061213,0,5.57151657991913e-15,736008,52.6693,-31.9244,13.8,7.13,6.4685736e+19,33,85,277.88,79.8,190.63,1.27,2.16,11,146302398072.132,0.280427442374798
736571.1875,-0.05,-17.83,10,7.1,1,0,0,-Inf,0,1.50092500499605e-14,736571,-0.0718,-17.8139,12,7.1,5.8395161e+19,16.5,110,79,85,169,1,2.02,11,90281683994.9803,0.29989332642791
735502.6963,-15.85,-74.56,45.8,7,3,0,0,-Inf,36.96,1.55957066547099e-14,737074,-15.776,-74.744,36.3,7.09,5.7254333e+19,85,133,313,35,92,2.16,2.26,5.1,153168550476.033,0.278126264613166
736106.9065,-11.05,163.69,11.2,7,1,2,0,-0.0987954990350195,29.44,2.98809247206976e-14,736091,-7.2771,154.5344,12,7.05,4.8551687e+19,35,105,125,67.5,272,1.96,2.24,2.7,46398784105.8492,0.330580673774526
736172.9037,-2.63,138.53,48,7,3,0,0,-Inf,35.16,4.84723914713488e-14,736172,-2.69,138.4789,48,6.96,3.5648385e+19,73.1,65,122,56,75,1.95,3.6,4.2,154770203449.756,0.277742975287408
736435.6841,32.79,130.75,10,7,1,5,0,0.299144509637018,36,2.16393026944006e-15,736435,32.782,130.726,12,7.04,4.742828e+19,26.1,90,224,66,208,2.26,1.95,5,85044560711.5453,0.265854477786413
723350.7187,9.48,126.66,54,6.9,3,3,0,0.176522226382873,36.08,1.95902548915067e-14,727944,42.85,144.383,107,7.55,2.7419255e+20,90,90,134,6,324,2.5,2.03,8.4,172821445288.877,0.279487037997594
735787.4749,14.76,-92.43,53,6.9,2,0,0,-Inf,38.96,3.1691559114006e-14,736957,18.549,-98.487,51,7.11,6.012192e+19,45,75,111,42,269,2.03,2.11,8.6,172821445288.877,0.279487037997594
732477.7155,51.23,179.41,51.1,6.8,3,1,0,-0.201372561974576,28.04,4.44077538948479e-14,735773,51.83,178.75,109,7.91,9.7612555e+20,105,147,309,84,243,1.49,3.78,13,172821445288.877,0.279487037997594
733368.367,-5.76,147.1,53,6.8,3,0,0,-Inf,30.6,2.46063334449487e-14,734046,-0.8,99.9,78,7.46,2.0585054e+20,69.5485519013604,65,71.34,53.51,137.96,1.89,1.97,30,172821445288.876,0.279487037997594
735264.8443,-28.09,-70.65,45,6.8,3,0,0,-Inf,30.32,1.41063923918751e-14,736478,-56.2571,-27.0364,78,7.15,6.9645446e+19,73.5,75,99,67,307,1.77,2.06,5.4,172821445288.876,0.279487037997594
735523.4382,-6.45,154.93,35,6.8,3,5,0,0.497597442361443,33.82,6.80565506646986e-14,734354,-5.75,150.76,34,6.87,2.6603077e+19,75,95,240,31,80,2.19,2.06,1,118850175555.589,0.273369005911105
729990.5814,11.66,-88.04,54.6,6.7,2,0,0,-Inf,38.92,9.62859701728915e-15,732581,-5.68,-76.4,115,7.48,2.1926721e+20,58.85,50,346.69,36,267.85,2.23,2,22,172821445288.877,0.279487037997594
734976.1599,-32.62,-71.36,29,6.7,3,0,0,-Inf,30.41,2.52240256956536e-14,736809,-33.0844,-72.0397,27,6.89,2.791498e+19,86.1,105,4,17,99,2.05,2.15,3.3,172821445288.876,0.279487037997594
733997.9506,32.82,140.4,53,6.6,3,0,0,-Inf,34,6.48443765744781e-15,736359,54.0377,158.5142,160,7.2,8.2728467e+19,60,75,78,72,239,0.74,2.17,17,172821445288.876,0.279487037997594
736350.7548,18.82,-106.93,10,6.6,1,0,0,-Inf,25,2.2853214358837e-14,737184,19.37,-155.03,8,6.88,2.7660745e+19,25,108,240,20,114,1.2,2.13,3.3,51491864640.6712,0.322375021391131
733909.0374,-31.52,-178.79,54.6,6.5,3,0,0,-Inf,39.01,3.72310397628725e-14,735377,-23.01,-177.23,174,7.39,1.574821e+20,68,85,15,79,275,1.59,2.28,19,172821445288.877,0.279487037997594
734879.7139,36.33,52.78,15.8,5,3,0,0,-Inf,33.76,2.41990212103111e-15,734799,38.752,43.456,16,0,0,50.721568,75,241.32,50.94,58.4,1.56,2.2,7.1,86884337534.5999,0.255895767744304
