     0.000     0.000    -4.331     0.345    -0.099 -0.2142E+07   0.1079E+07
     0.000     4.000    -8.167     0.152    -0.081  0.6345E+06   0.9541E+06
     0.000     8.000   -12.002     0.000    -0.000  0.2953E+07   0.3876E+05
     0.000    12.000   -15.837     0.000    -0.000  0.2811E+07   0.1859E+07
     0.000    16.000   -19.673     0.219     0.542  0.2066E+06  -0.2267E+07
     0.000    20.000   -23.508    -1.299     1.254  0.1530E+08  -0.1227E+08
     5.000     0.000    -4.331     0.019     0.001  0.1985E+07  -0.3865E+06
     5.000     4.000    -8.167     0.391    -0.083 -0.5768E+06  -0.1401E+06
     5.000     8.000   -12.002     0.790    -0.494 -0.3132E+07   0.5266E+07
     5.000    12.000   -15.837     0.184    -0.078  0.4311E+07   0.1105E+07
     5.000    16.000   -19.673     0.777     0.607 -0.3376E+07  -0.4397E+07
     5.000    20.000   -23.508     0.899     0.998 -0.7662E+07  -0.9604E+07
    10.000     0.000    -4.331     0.000    -0.000  0.2166E+07  -0.1093E+07
    10.000     4.000    -8.167     0.544    -0.198 -0.1467E+07  -0.7338E+06
    10.000     8.000   -12.002     1.273    -0.959 -0.6372E+07   0.8654E+07
    10.000    12.000   -15.837     1.646    -0.567 -0.9774E+07   0.3522E+07
    10.000    16.000   -19.673     1.023    -0.144 -0.3519E+07  -0.6618E+06
    10.000    20.000   -23.508     0.532    -0.320 -0.2964E+06   0.3454E+07
    15.000     0.000    -4.331     0.000    -0.000  0.2406E+07  -0.5113E+06
    15.000     4.000    -8.167     0.122     0.047  0.3171E+07  -0.2395E+07
    15.000     8.000   -12.002     0.702    -0.373 -0.6575E+06   0.3166E+07
    15.000    12.000   -15.837     1.082    -0.133 -0.3473E+07   0.1993E+07
    15.000    16.000   -19.673     0.903     0.706 -0.1910E+07  -0.7263E+07
    15.000    20.000   -23.508     0.609     0.426 -0.8264E+06  -0.3295E+07
    20.000     0.000    -4.331     0.000    -0.000  0.3040E+07   0.2210E+06
    20.000     4.000    -8.167     0.044     0.037  0.3547E+07  -0.4415E+06
    20.000     8.000   -12.002     0.117     0.121  0.4067E+07  -0.1887E+07
    20.000    12.000   -15.837     0.264    -0.042  0.3461E+07   0.2439E+06
    20.000    16.000   -19.673     0.780    -0.096 -0.1938E+07   0.1154E+06
    20.000    20.000   -23.508     0.891    -0.396 -0.4422E+07   0.4426E+07
    25.000     0.000    -4.331     0.000    -0.000  0.6962E+07   0.1942E+07
    25.000     4.000    -8.167     0.109     0.071  0.6595E+07  -0.3531E+06
    25.000     8.000   -12.002     0.018    -0.011  0.7823E+07  -0.3511E+06
    25.000    12.000   -15.837     0.112     0.041  0.6870E+07  -0.1794E+07
    25.000    16.000   -19.673     0.155     0.113  0.4951E+07  -0.2480E+07
    25.000    20.000   -23.508     0.163     0.162  0.2951E+07  -0.2276E+07
    30.000     0.000    -4.331     1.305     0.723  0.3776E+07  -0.3873E+07
    30.000     4.000    -8.167     1.343    -0.213  0.6014E+07   0.3702E+07
    30.000     8.000   -12.002     1.122    -0.701  0.6968E+07   0.4230E+07
    30.000    12.000   -15.837     1.159    -0.905  0.2394E+07   0.5969E+07
    30.000    16.000   -19.673     0.114     0.030  0.8258E+07  -0.5311E+07
    30.000    20.000   -23.508     0.029    -0.012  0.4438E+07  -0.1857E+07
    35.000     0.000    -4.331     4.506     0.957 -0.1470E+08  -0.4533E+07
    35.000     4.000    -8.167     4.565     0.239 -0.9904E+07  -0.3891E+05
    35.000     8.000   -12.002     4.109    -0.287 -0.8807E+07   0.4100E+06
    35.000    12.000   -15.837     2.912    -0.357 -0.5041E+07  -0.2350E+07
    35.000    16.000   -19.673     1.405    -0.539  0.5503E+06   0.5483E+06
    35.000    20.000   -23.508     0.107    -0.057  0.6939E+07  -0.4231E+07
    40.000     0.000    -4.331     7.081     0.371 -0.2694E+08  -0.9159E+06
    40.000     4.000    -8.167     6.915    -0.121 -0.1762E+08   0.5677E+06
    40.000     8.000   -12.002     6.744    -0.709 -0.2201E+08  -0.4340E+06
    40.000    12.000   -15.837     4.392    -2.237 -0.1023E+08   0.1461E+08
    40.000    16.000   -19.673     2.329    -1.755 -0.2294E+07   0.7860E+07
    40.000    20.000   -23.508     0.977    -0.763  0.7329E+06   0.9649E+05
    45.000     0.000    -4.331     8.231     0.287 -0.2851E+08  -0.8692E+06
    45.000     4.000    -8.167     7.468     0.130 -0.1143E+08  -0.2441E+07
    45.000     8.000   -12.002     6.972    -0.487 -0.1222E+08  -0.1829E+07
    45.000    12.000   -15.837     4.490    -1.905 -0.2908E+07   0.1066E+08
    45.000    16.000   -19.673     2.656    -2.001 -0.2146E+07   0.1120E+08
    45.000    20.000   -23.508     1.352    -0.688 -0.2183E+07  -0.9293E+06
    50.000     0.000    -4.331     9.062     0.634 -0.2994E+08  -0.3338E+07
    50.000     4.000    -8.167     8.219     0.000 -0.1131E+08   0.2355E+07
    50.000     8.000   -12.002     8.144    -0.284 -0.1754E+08  -0.1158E+07
    50.000    12.000   -15.837     5.217    -1.495 -0.5136E+07   0.1071E+08
    50.000    16.000   -19.673     2.379    -1.009  0.3359E+07   0.3443E+07
    50.000    20.000   -23.508     0.749    -0.229  0.4147E+07  -0.2599E+07
    55.000     0.000    -4.331    10.040     1.770 -0.3475E+08  -0.1097E+08
    55.000     4.000    -8.167     9.408     1.322 -0.1771E+08  -0.5834E+07
    55.000     8.000   -12.002     9.133     0.638 -0.2163E+08  -0.3191E+07
    55.000    12.000   -15.837     6.191    -0.324 -0.1055E+08   0.4680E+07
    55.000    16.000   -19.673     2.971    -0.208 -0.1264E+07   0.4214E+06
    55.000    20.000   -23.508     0.450     0.016  0.6818E+07  -0.1802E+07
    60.000     0.000    -4.331    10.602     2.060 -0.3832E+08  -0.1418E+08
    60.000     4.000    -8.167     9.786     1.549 -0.1874E+08  -0.7547E+07
    60.000     8.000   -12.002     9.426     0.659 -0.2227E+08   0.1037E+06
    60.000    12.000   -15.837     6.680     0.702 -0.1371E+08  -0.4680E+07
    60.000    16.000   -19.673     3.393     0.297 -0.4214E+07  -0.1002E+07
    60.000    20.000   -23.508     0.289     0.251  0.9315E+07  -0.2346E+07
    65.000     0.000    -4.331    10.555     1.483 -0.3956E+08  -0.1292E+08
    65.000     4.000    -8.167     9.558     0.000 -0.1961E+08   0.5106E+07
    65.000     8.000   -12.002     9.020    -0.473 -0.2304E+08   0.6334E+07
    65.000    12.000   -15.837     6.276    -0.219 -0.1309E+08  -0.1118E+07
    65.000    16.000   -19.673     2.987    -1.330 -0.6936E+06   0.1412E+08
    65.000    20.000   -23.508     0.360    -0.216  0.8940E+07  -0.1020E+07
    70.000     0.000    -4.331     9.469     2.715 -0.3407E+08  -0.2371E+08
    70.000     4.000    -8.167     8.445     1.186 -0.1618E+08  -0.4330E+07
    70.000     8.000   -12.002     7.279     0.000 -0.1346E+08   0.1579E+07
    70.000    12.000   -15.837     4.915    -1.044 -0.4817E+07   0.7408E+07
    70.000    16.000   -19.673     2.510    -1.890  0.9244E+06   0.1683E+08
    70.000    20.000   -23.508     0.754    -0.589  0.2802E+07   0.1227E+07
    75.000     0.000    -4.331     7.762     3.619 -0.2465E+08  -0.3016E+08
    75.000     4.000    -8.167     6.781     1.944 -0.7117E+07  -0.8893E+07
    75.000     8.000   -12.002     5.596     0.098 -0.2842E+07   0.2100E+07
    75.000    12.000   -15.837     4.059    -1.318 -0.2419E+07   0.1193E+08
    75.000    16.000   -19.673     2.135    -1.087  0.6827E+06   0.7417E+07
    75.000    20.000   -23.508     0.302    -0.128  0.5966E+07  -0.2218E+07
    80.000     0.000    -4.331     6.614     3.225 -0.2214E+08  -0.2769E+08
    80.000     4.000    -8.167     6.428     1.366 -0.1278E+08  -0.4041E+07
    80.000     8.000   -12.002     6.109     0.107 -0.1616E+08  -0.1581E+07
    80.000    12.000   -15.837     3.652    -1.941 -0.5060E+07   0.1837E+08
    80.000    16.000   -19.673     1.742    -1.174 -0.1731E+07   0.8041E+07
    80.000    20.000   -23.508     0.079    -0.023  0.5636E+07  -0.2579E+07
    85.000     0.000    -4.331     5.164     2.518 -0.1715E+08  -0.2490E+08
    85.000     4.000    -8.167     5.373     0.470 -0.1252E+08  -0.2073E+06
    85.000     8.000   -12.002     5.018    -1.066 -0.1378E+08   0.1097E+08
    85.000    12.000   -15.837     2.309    -1.279  0.6852E+06   0.1202E+08
    85.000    16.000   -19.673     0.069    -0.037  0.1060E+08  -0.2456E+07
    85.000    20.000   -23.508     0.190    -0.077  0.1760E+07   0.1185E+07
    90.000     0.000    -4.331     3.062     1.913 -0.6201E+07  -0.1985E+08
    90.000     4.000    -8.167     3.122     0.439 -0.1142E+07  -0.1276E+07
    90.000     8.000   -12.002     2.644    -0.758 -0.1212E+07   0.1032E+08
    90.000    12.000   -15.837     1.047    -0.203  0.3635E+07   0.2178E+07
    90.000    16.000   -19.673     0.106     0.022  0.4586E+07   0.4384E+06
    90.000    20.000   -23.508     0.018     0.018  0.2698E+07   0.5148E+06
    95.000     0.000    -4.331     1.388     1.165 -0.4518E+05  -0.1171E+08
    95.000     4.000    -8.167     1.894     0.689 -0.2463E+07  -0.3992E+07
    95.000     8.000   -12.002     1.272     0.134  0.9378E+06   0.1817E+07
    95.000    12.000   -15.837     0.069     0.038  0.7270E+07   0.1584E+07
    95.000    16.000   -19.673     0.053    -0.021  0.3142E+07   0.1622E+07
    95.000    20.000   -23.508     0.080     0.023  0.1234E+07   0.4041E+06
   100.000     0.000    -4.331     0.040     0.028  0.6548E+07  -0.7389E+06
   100.000     4.000    -8.167     0.045     0.025  0.8351E+07   0.1454E+06
   100.000     8.000   -12.002     0.128    -0.093  0.5890E+07   0.2483E+07
   100.000    12.000   -15.837     0.023     0.021  0.3781E+07   0.8160E+06
   100.000    16.000   -19.673     0.084     0.018  0.1736E+07   0.6225E+06
   100.000    20.000   -23.508     0.006    -0.000  0.2175E+07   0.5077E+06
   105.000     0.000    -4.331     0.000    -0.000  0.3790E+07   0.8916E+06
   105.000     4.000    -8.167     0.004    -0.002  0.4726E+07   0.1145E+07
   105.000     8.000   -12.002     0.062     0.021  0.3778E+07   0.5979E+06
   105.000    12.000   -15.837     0.015    -0.008  0.2468E+07   0.8313E+06
   105.000    16.000   -19.673     0.053     0.017  0.1975E+07   0.1131E+05
   105.000    20.000   -23.508     0.313    -0.139 -0.1010E+07   0.1861E+07
   110.000     0.000    -4.331     0.335     0.346 -0.1135E+06  -0.1599E+06
   110.000     4.000    -8.167     0.683     0.813 -0.3120E+07  -0.4687E+07
   110.000     8.000   -12.002     0.873     0.969 -0.5207E+07  -0.7717E+07
   110.000    12.000   -15.837     0.015     0.013  0.4311E+07   0.2947E+07
   110.000    16.000   -19.673     0.095    -0.042  0.3004E+07   0.9997E+06
   110.000    20.000   -23.508     0.320    -0.034  0.4164E+06   0.4919E+06
   115.000     0.000    -4.331     0.302     0.544  0.5510E+06  -0.3625E+07
   115.000     4.000    -8.167     0.424     0.454  0.6290E+06  -0.2975E+07
   115.000     8.000   -12.002     0.229    -0.160  0.4617E+07   0.3517E+07
   115.000    12.000   -15.837     0.813    -0.328 -0.1659E+07   0.4801E+07
   115.000    16.000   -19.673     0.480     0.138  0.1228E+07  -0.5738E+06
   115.000    20.000   -23.508     0.935     0.654 -0.5865E+07  -0.6890E+07
   120.000     0.000    -4.331     0.511     0.186 -0.1793E+07  -0.2347E+07
   120.000     4.000    -8.167     0.552    -0.386 -0.1058E+07   0.4484E+07
   120.000     8.000   -12.002     1.013    -0.329 -0.5151E+07   0.2316E+07
   120.000    12.000   -15.837     1.436    -0.358 -0.8577E+07   0.4851E+07
   120.000    16.000   -19.673     1.206     0.415 -0.6389E+07  -0.4002E+07
   120.000    20.000   -23.508     0.523     0.314 -0.1017E+07  -0.1755E+07
   125.000     0.000    -4.331     0.309     0.298  0.7493E+06  -0.2505E+07
   125.000     4.000    -8.167     0.231     0.187  0.1923E+07  -0.1435E+07
   125.000     8.000   -12.002     0.322    -0.006  0.1267E+07   0.3833E+06
   125.000    12.000   -15.837     0.132    -0.073  0.4146E+07   0.3306E+07
   125.000    16.000   -19.673     0.840     0.839 -0.3705E+07  -0.7992E+07
   125.000    20.000   -23.508     0.257     0.257  0.8078E+06   0.1876E+06
   130.000     0.000    -4.331     0.544     0.314 -0.1557E+07  -0.2500E+07
   130.000     4.000    -8.167     0.217     0.202  0.2100E+07  -0.1357E+07
   130.000     8.000   -12.002     0.024     0.005  0.3280E+07   0.9313E+06
   130.000    12.000   -15.837     0.025    -0.015  0.3277E+07   0.1292E+07
   130.000    16.000   -19.673     0.133     0.036  0.3239E+07   0.9129E+06
   130.000    20.000   -23.508     0.031    -0.002  0.3483E+07   0.1336E+07
   135.000     0.000    -4.331     0.880    -0.374 -0.4716E+07   0.3233E+07
   135.000     4.000    -8.167     0.643    -0.467 -0.2927E+07   0.5140E+07
   135.000     8.000   -12.002     0.137     0.137  0.1309E+07  -0.9715E+06
   135.000    12.000   -15.837     0.534     0.402 -0.2660E+07  -0.1834E+07
   135.000    16.000   -19.673     0.517     0.499 -0.9852E+06  -0.6989E+06
   135.000    20.000   -23.508     0.891     0.989 -0.5216E+07  -0.8680E+07
   140.000     0.000    -4.331     0.655     0.151 -0.2476E+07  -0.1161E+07
   140.000     4.000    -8.167     0.251     0.196  0.1539E+07  -0.1245E+07
   140.000     8.000   -12.002     0.022     0.025  0.3089E+07   0.1034E+07
   140.000    12.000   -15.837     0.099     0.057  0.2721E+07   0.1630E+07
   140.000    16.000   -19.673     0.424     0.488  0.4133E+06  -0.7131E+06
   140.000    20.000   -23.508     1.141     1.312 -0.6567E+07  -0.1209E+08
   145.000     0.000    -4.331     0.423     0.138 -0.9445E+06  -0.9528E+06
   145.000     4.000    -8.167     0.421     0.105  0.7475E+05  -0.5698E+06
   145.000     8.000   -12.002     0.590    -0.147 -0.1318E+07   0.2496E+07
   145.000    12.000   -15.837     0.358     0.182  0.2984E+06  -0.2195E+07
   145.000    16.000   -19.673     0.375     0.087  0.5327E+06   0.1730E+07
   145.000    20.000   -23.508     0.780     0.866 -0.2077E+07  -0.8926E+07
   150.000     0.000    -4.331     0.274    -0.084 -0.3315E+06   0.1008E+06
   150.000     4.000    -8.167     0.706    -0.176 -0.3054E+07   0.8650E+06
   150.000     8.000   -12.002     1.276    -0.342 -0.7745E+07   0.2329E+07
   150.000    12.000   -15.837     0.562    -0.394 -0.1284E+06   0.2747E+07
   150.000    16.000   -19.673     0.345    -0.207  0.3004E+07  -0.7042E+06
   150.000    20.000   -23.508     1.032    -0.549 -0.5279E+07   0.4845E+07
   155.000     0.000    -4.331     0.000    -0.000  0.1649E+07  -0.1076E+07
   155.000     4.000    -8.167     0.196    -0.123  0.1333E+07   0.1029E+07
   155.000     8.000   -12.002     0.854     0.294 -0.3960E+07  -0.6094E+07
   155.000    12.000   -15.837     1.058    -0.740 -0.6148E+07   0.7020E+07
   155.000    16.000   -19.673     1.690    -0.549 -0.1313E+08   0.2054E+07
   155.000    20.000   -23.508     0.803    -0.627 -0.4197E+07   0.5147E+07
