MSt,MSlat,MSlon,MSdepth,MSmag,MSfms,MSprod,FSprod,MSres,SeismoWidth,Background,Time_appended_cat1,Lat_appended_cat1,Lon_appended_cat1,Depth_appended_cat1,Mw_appended_cat1,Mo_appended_cat1,Width_appended_cat1,Length_appended_cat1,Strike_appended_cat1,Dip_appended_cat1,Rake_appended_cat1,RuptureVelocity_appended_cat1,RuptureTime_appended_cat1,StressDrop_appended_cat1,Young_appended_cat1,Poisson_appended_cat1
734970.360159722,2.2376,93.0144,26.3,8.6,0,1026,0,-0.253960236585191,30.97,9.78436071281122e-16,734970,2.3484,93.0725,23,8.65,1.2251029e+22,48,330,108.34,86.98,169.94,1.46,6.18,60,118716750130.843,0.284680397883331
733297.465588773,-4.4637,101.3959,35.5,8.5,0,989,0,-0.16587620433479,31.45,4.92721852615409e-15,733297,-4.517,101.382,30,8.44,6.0391478e+21,320,352,320,15,114,2.21,8.11,5,172047389584.776,0.279614601032487
732996.468223843,46.681,153.2106,12.2,8.3,0,1729,0,0.284792700199989,38.82,3.87600603045835e-15,732996,46.51,153.39,15.25,8.29,3.5498175e+21,147,360,220,16,92.49,2.01,7.54,2.5,89667553770.957,0.278335750856255
731849.826473148,41.7488,143.8725,33,8.3,0,499,0,-0.254901747450544,39.7,0,731849,41.81,143.91,27,8.24,3.0654916e+21,227.5,272,240,17,132.36,2.02,4.85,4.8,156740235788.199,0.278122707337802
728571.557612037,43.6597,147.3804,28,8.2,0,1194,0,0.228037135148436,40.68,4.58837805037566e-15,728571,43.71,147.33,48,8.32,4.0375501e+21,140,210,158,41,24.04,2.21,4.6,14,172314616165.572,0.27952031615098
735690.990826157,-19.6193,-70.7877,17.1,8.1,0,673,0,0.0830829740080805,34.856,4.49399301302075e-15,736223,-31.5952,-71.6728,29,8.23,2.9107715e+21,158.4,300,6,19,105,1.47,5.55,3.3,95922313088.8535,0.30549814513867
734045.741800347,-15.5119,-171.9369,18.5,8.1,0,805,0,0.160863790151972,30.21,2.20787542265781e-15,734045,-15.6,-172.3,18,8.06,1.6319659e+21,49.023906837653,180,342.45,57.06,290.16,1.54,3.62,70,141506841562.232,0.280830177952414
732304.624313426,-49.71,161.5761,10,8.1,0,89,0,-0.795542083570984,26.32,0,732304,-49.31,161.35,10,8.08,1.7100321e+21,25.14,245,163,69,16.31,1.89,4.01,25,81983872909.9857,0.308988920283755
733269.986787616,-13.3836,-76.5555,41.2,8,0,192,0,-0.357595760083329,35.05,2.47413306174452e-15,731025,-16.26,-73.64,33,8.38,4.8607351e+21,240,396,309.99,17.53,62.6,2.05,6.8,2.2,144570329489.601,0.276787991275869
732800.643518056,-20.1631,-174.1449,53.5,8,0,491,0,0.0501845033360899,29.82,6.67214186584568e-15,732800,-20.19,-174.12,65,7.95,1.1232917e+21,130,156,221,22.04,122.98,2.01,3.64,7.8,172821445288.877,0.279487037997594
730806.204816667,-3.975,152.182,28,8,0,1052,0,0.381118751030841,38.88,4.00997692958721e-15,730806,-3.98,152.17,33,8.07,1.6563562e+21,60,220,328.02,65,3.19,1.76,5.37,20,172821445288.877,0.279487037997594
736079.257947106,28.1302,84.7168,13.4,7.9,0,333,0,-0.0144176538515413,27.48,0,736079,28.13,84.65,15,7.82,7.1023654e+20,168,193.2,293,7,108,2.4,3.08,2.1,83508564010.143,0.242788753968348
735271.050305324,-10.864,165.1418,23.8,7.9,0,975,0,0.452142728340676,37.58,1.13226238244978e-14,735271,-10.7377,165.1378,28.7,8.03,1.4506814e+21,143,260,308,18,62,1.56,4.81,2.9,163313471943.793,0.279812683215698
730655.614041204,-13.798,97.424,10,7.9,0,26,0,-1.12188853938704,36.33,0,730655,-13.8,97.45,10,7.86,8.0369288e+20,21,192,161.3,63.48,354.5,1.99,2.63,104,85973085807.3462,0.296852747419203
736672.735259028,-10.676,161.3298,41,7.8,0,215,0,-0.100388326013236,37.16,8.89992159667762e-15,736672,-10.6741,161.3351,41,7.79,6.3605141e+20,87,133,290,50,67,2.2,2.03,10,158921290723.948,0.27847063708724
736436.99903912,0.3819,-79.9218,20.59,7.8,0,100,0,-0.432826785928841,35.34,8.28952006160126e-16,736436,0.3482,-79.972,20,7.82,7.0633008e+20,160,210,29,15,118,2.29,3.04,2.4,115086222619.087,0.273517035673407
736391.534584607,-4.9521,94.3299,24,7.8,0,20,0,-1.13179679026486,36.3,0,736391,-4.905,94.236,24,7.77,6.0159401e+20,45,250,274,84,164,1.29,3.83,12,82884630669.5999,0.309975612949579
735555.378428935,-60.3783,-46.5876,7.9,7.8,0,221,0,-0.0884345122437309,28.3,1.82555916182319e-15,735555,-60.2961,-46.362,12,7.89,8.9435565e+20,50,392,100,50,0,2.25,6.4,7.2,129139221548.996,0.287958962183203
735170.12786794,52.6777,-132.1724,7.4,7.8,0,225,0,-0.0806442678174788,29.26,1.9099593031009e-15,735170,52.742,-132.131,15,7.83,7.3267351e+20,82,252,323,30,120,1.86,3.97,4.6,97339325626.7932,0.26901342469068
734436.612756713,-3.5248,100.1042,20,7.8,0,191,0,-0.151793418681114,36.23,2.0943142961117e-15,734436,-3.464,100.084,15,7.76,5.6676184e+20,140,225,325,11.62,100,1.49,5.12,1,116008724976.315,0.273683964089024
734234.927107986,2.3601,97.1113,33.4,7.8,0,74,0,-0.563595066197865,35.84,0,734234,2.36,97.132,31,7.81,6.8406583e+20,216,240,312.7,12.04,91.74,2.14,4.42,3.6,148040207548.209,0.277853009111114
733969.390647685,-45.8339,166.6363,20.9,7.8,0,232,0,-0.0673388010379417,31.7,4.4630223133287e-15,733969,-45.76,166.56,12,7.82,7.0639667e+20,55,120,29,26,137.81,1.75,4.28,15,104712749665.71,0.271651498446573
731902.279930324,51.1032,178.6421,27.1,7.8,0,242,0,-0.0490114199484104,35.8,1.09977669439674e-14,731902,51.15,178.65,30,7.73,5.2577996e+20,162,144,280.39,18.82,121.89,2.28,3.66,1.2,137262414510.591,0.277776679507782
731169.393176042,35.927,90.587,11,7.8,0,60,0,-0.654675535545198,32.04,0,731169,35.95,90.54,10,7.84,7.4493991e+20,36.64,432,94.41,72,348.41,3.51,12.41,13,86956447859.6556,0.244466293832987
729839.133628125,-62.8257,149.6713,10,7.8,0,78,0,-0.540732183238361,22.54,0,729839,-62.88,149.53,10,8.08,1.7240405e+21,21.36,384,99,74,-18,3.4,4.69,52,103729694258.504,0.290953144683549
729025.336916204,0.6842,119.9847,15.4,7.8,0,66,0,-0.613282850386973,33.7,0,729025,0.72,119.98,16,7.82,7.0023776e+20,150,195,53,7,54,2.61,2.65,3.9,98509950893.885,0.270167481648401
728447.762233912,-10.4132,112.9264,38.9,7.8,0,251,0,-0.0331530644478035,32.22,0,728887,-5.786,154.181,30,7.7,4.59201e+20,94.4,144,320,39,9,2.19,4.25,4.8,148569376781.646,0.277636374630236
736893.982104977,54.4715,168.8148,10.99,7.7,0,99,0,-0.333156489902274,36.16,2.37385222120204e-15,736893,54.4673,168.8587,12,7.8,6.6668233e+20,61.6,375,307,72,174,2.44,6.57,3.6,154221267125.265,0.282832268780702
733360.653354051,-22.3208,-69.7803,33.6,7.7,0,169,0,-0.10090497988615,33.18,0,733360,-22.25,-69.89,40,7.68,4.334064e+20,122.5,200,358,23,98,2.35,3.87,2.7,99332462724.0499,0.254454707993982
730877.136577083,23.442,70.31,16,7.7,0,107,0,-0.299407906814614,25.58,0,730877,23.42,70.23,16,7.61,3.4296296e+20,48,140,65.59,63.73,59.84,1.8,2.49,7,93756957836.7649,0.256255548839548
730383.741161343,23.85,120.87,13.2,7.7,0,282,0,0.121457423819537,40.87,6.73147373527436e-15,730383,23.834,120.813,10,7.58,3.0437142e+20,50.85,144,3,30,57,1.32,2.92,3.7,63543073059.1697,0.241849633294346
729729.47701169,54.8043,162.0069,25.2,7.7,0,565,0,0.423256763319615,39.1,0,728996,44.62,149.32,24,7.86,8.2000641e+20,216,196,227,12,95,2.44,5.17,1.2,103368800645.002,0.286463062594098
736689.598923958,-43.4053,-73.9403,38,7.6,0,20,0,-0.923726587406824,33.62,0,736689,-43.4167,-73.8972,30,7.61,3.3952873e+20,154,120,356,16,83,2.34,2.58,7.9,131690980118.667,0.276589724810237
735701.843502083,-11.2581,162.1387,15.3,7.6,0,313,0,0.270787754475643,35.19,7.18158584634049e-15,737116,-6.035,142.908,15,7.49,2.2334766e+20,72,210,308,33,110,2.2,3.22,2.3,91023874356.7129,0.259773890237877
735112.533050232,10.8107,126.8262,44.4,7.6,0,512,0,0.484513377905026,38.96,0,735340,27.86,62.15,60,7.73,5.2373565e+20,108.3,144,232,61.7,250,2.07,3.14,6.5,154173823565.258,0.276724403775882
734690.793986921,-29.3073,-176.2572,25.4,7.6,0,347,0,0.315572891720068,31.38,4.05306327737066e-15,734690,-29.312,-176.204,20,7.55,2.7847695e+20,72,216,169.65,52.49,254.86,1.26,2.52,8.2,124574862275.794,0.290286299971267
733851.762277083,-23.1555,-174.5899,30.9,7.6,0,161,0,-0.0179307070389556,31.54,1.13446595275697e-15,733851,-23.043,-174.66,31,7.69,4.4374496e+20,76.57,97.5,204.63,50,97.74,2.05,2.1,18,171551790881.798,0.279570644638117
732787.975728704,61.0398,167.0973,26.6,7.6,0,244,0,0.162633243267924,37.25,1.33726906919807e-15,732787,60.95,167.09,22,7.58,3.1041452e+20,72,174,206.51,40.34,76.49,1.85,2.49,3.9,98973816744.4507,0.263830059114278
732593.160138773,34.5239,73.64,7.9,7.6,0,346,0,0.314319515721972,25.42,0,732593,34.493,73.629,11,7.57,2.954664e+20,34.5,100,320,29,140,2.15,2.13,11,82165263157.8948,0.242105263157895
731797.192603241,-60.5323,-43.4511,10,7.6,0,90,0,-0.27051407363148,26.58,0,731797,-60.53,-43.41,10,7.55,2.793036e+20,15.8,140,105,48,336.62,1.81,3.08,31,152266179273.159,0.280247569011526
731467.780831366,-3.297,142.915,13,7.6,0,116,0,-0.160298593843887,37.62,3.43706344665447e-15,731467,-3.3,142.95,13,7.54,2.6609517e+20,45,161,106.23,34.03,42.72,2,2.04,5.2,74789464312.5388,0.274443250424626
730610.181466667,-1.171,123.54,54,7.6,0,139,0,-0.0817417828167102,32.58,0,734046,-0.8,99.9,78,7.46,2.0585054e+20,69.5485519013604,65,71.34,53.51,137.96,1.89,1.97,30,172821445288.876,0.279487037997594
730349.001141088,40.756,29.955,17,7.6,0,91,0,-0.265715190749712,24.23,0,730349,40.75,29.86,17,7.53,2.5945313e+20,33.6,175,91,87,164,2.15,2.03,6.3,87307526141.3927,0.267612302695552
729186.16916331,51.5487,-177.6073,34.1,7.6,0,225,0,0.127425935040558,34.7,1.6939029182828e-14,729186,51.56,-177.63,28,7.86,8.1305019e+20,183.3,325,265,15,84,1.62,4.76,0.7,79076699280.1595,0.295408168583132
728996.750811921,44.5301,149.3078,46.1,7.6,0,350,0,0.319311461279471,40.7,2.94796882565378e-14,728088,51.22,157.84,46,7.47,2.132081e+20,153,180,211,29,90,2.32,2.65,1,148630640073.666,0.277525625625947
736089.072271065,-5.5168,151.8641,29.6,7.5,0,250,0,0.27721852703025,38.56,1.54822636085232e-14,735708,-6.7203,154.9315,30.8,7.47,2.1205592e+20,102,105,315.14,33.13,90,1.87,3.04,3.7,169620323121.155,0.279883162135427
736052.992025463,-4.7758,152.5778,41.3,7.5,0,131,0,-0.00345018598602298,38.88,8.63493198794732e-15,736089,-5.5034,151.9151,42,7.47,2.0755723e+20,150,150,244,29,75,2.49,2.48,1.4,144665045376.316,0.275128407386977
735708.561119444,-6.708,154.992,39.8,7.5,0,353,0,0.427053223746035,38.42,8.97018468796164e-15,735702,-11.4548,162.0634,35,7.43,1.860952e+20,88.4,143,90,40,75,2.2,2.96,4.9,103878943857.226,0.285929725913492
735239.373833102,55.2347,-134.8008,3.1,7.5,0,21,0,-0.798502186907868,32.55,1.89421844096911e-15,735239,55.2918,-134.7277,12,7.55,2.7712248e+20,24,160,335.78,73.45,184.39,2.05,2.62,16,94009008786.1558,0.26891174272959
734948.751940046,16.4734,-98.3694,19.4,7.5,0,158,0,0.0779356053126352,32.52,8.82938267738055e-15,734948,16.5,-98.22,20,7.42,1.7831935e+20,83.7,85,296,13,95,1.81,2.17,8.5,101489186518.127,0.267954165882121
734301.810301505,7.8506,91.9546,31.4,7.5,0,50,0,-0.421751477305769,29.82,1.06606770479875e-15,734301,7.88,91.94,35,7.45,1.9811867e+20,81.2,108,115.1,66.14,149.13,1.77,2.15,10,172323174946.641,0.279519753124759
733995.830322106,14.0522,92.8685,30.7,7.5,0,64,0,-0.3145415076579,31.01,0,733995,14.1,92.89,24,7.45,1.948191e+20,75.7,210,202.5,35,271,2.06,5.43,1.8,90775147457.1738,0.277795745638386
733063.477603935,1.0816,126.3618,23.5,7.5,0,309,0,0.369236997783047,32.24,1.02247757063789e-14,733063,1.07,126.28,22,7.45,1.9893466e+20,71.68,217.5,26,38,107.94,1.95,2.48,3.4,103553611111.799,0.271186067218148
731777.85267037,-2.6398,68.3563,10,7.5,0,38,0,-0.540937885024977,29.25,0,731777,-2.6,68.38,10,7.53,2.5493191e+20,19.65,280,36,79,158.85,1.94,4.56,6.1,55906416710.5271,0.319865293326076
731603.087916088,18.8965,-104.0815,27.4,7.5,0,29,0,-0.658323483742831,33,5.00922306251483e-15,731603,18.77,-104.1,24,7.46,2.0225539e+20,164.3,105,304,16,110.5,2.05,2.07,4.6,142236116397.781,0.27792859382424
731499.451646181,-1.7511,134.2585,24.8,7.5,0,179,0,0.132131549338106,37.36,3.4137152177481e-15,730610,-1.11,123.57,26,7.51,2.45891e+20,35,217,220,64.02,172.33,1.97,2.54,8.1,120721670310.089,0.274783714540793
731280.886222917,6.032,124.273,33,7.5,0,125,0,-0.0238114686337312,36.43,0,731280,6.03,124.25,31,7.45,1.9504308e+20,133,203,314.09,24.66,69.61,2,2.04,2.9,140855478853.195,0.276811553150952
731143.144953472,-4.089,123.977,33,7.5,0,30,0,-0.643600226922125,34.9,0,730807,-5.5,151.78,33,7.72,5.0791017e+20,116.8,180,240,32,64.1,1.89,4.07,3.4,119889873512.78,0.268105614238669
730450.556434838,-16.324,168.135,35.2,7.5,0,42,0,-0.497472191243887,34.62,6.60699969058954e-15,729501,-12.58,166.68,28,7.69,4.4637667e+20,82,207,178,63,122,2.05,5.3,4.4,171373563846.73,0.279489952450242
729878.979445255,22.3022,125.3178,50.5,7.5,0,26,0,-0.705748133670969,40.44,0,728149,12.994,144.752,59,7.74,5.2796836e+20,159.6,210,312,24,147,1.24,3.51,5.3,172821445288.876,0.279487037997594
729341.708147685,-15.0549,-75.6579,33,7.5,0,83,0,-0.201643389265713,34.9,3.17740829554319e-15,731039,-17.54,-72.08,33,7.59,3.2067802e+20,127.5,210,304,26,51.59,1.83,2.74,3.4,140576718286.652,0.278637537260455
727554.363349884,45.4777,151.0234,24.7,7.5,0,88,0,-0.176238809491619,40.18,3.32898582015946e-14,727554,45.47,151.05,25,7.54,2.6693377e+20,128,230,226,19,99,2.4,2.65,0.8,75131334910.2142,0.30012209831733
736561.314151968,-55.2793,-31.874,10,7.4,0,222,0,0.329666594237869,32.2,0,736561,-55.3394,-31.9394,12,7.38,1.5333185e+20,36,90,133,35,100,2.5,2.17,10,135998033187.456,0.284211749275978
735180.69154294,14.0318,-92.0669,38.7,7.4,0,126,0,0.0836841649047932,32.2,0,735886,12.6127,-88.0734,40.5,7.29,1.1131799e+20,75,70,125.77,21.72,271.8,2,2.31,8.2,172821445288.876,0.279487037997594
734797.748117014,-28.8809,-176.0332,34.8,7.4,0,53,0,-0.292410510611981,31.3,4.99826005062443e-15,734797,-28.99,-176.24,45,7.37,1.5109368e+20,65.8,60,206,40,83,1.69,2.06,7.6,172821445288.876,0.279487037997594
734493.722004167,26.8989,143.7048,13.8,7.4,0,698,0,0.827169042410391,39.14,1.03934647408474e-15,734493,26.8656,143.7392,14,7.37,1.4956213e+20,42,110,116.32,40.35,236.32,1.36,2.01,6.9,163789376427.092,0.279805080480172
729076.53543669,-9.6915,-79.767,10,7.4,0,34,0,-0.485207463170515,35.72,0,729076,-9.738,-79.711,10,7.49,2.2703078e+20,91,190,335,14,88,1.79,3.01,1.2,87089475681.7754,0.266575824949975
728916.58651412,16.8818,-98.5954,44.4,7.4,0,14,0,-0.870558344534532,32.66,1.53081015151827e-14,730393,16.06,-96.93,40,7.38,1.5480472e+20,58.8,85,300,49,282,2.12,2.05,6.4,162590252748.967,0.278960345791543
727910.228776852,-8.475,121.9023,27.7,7.4,0,157,0,0.179213272196464,34.98,0,726941,1.16,122.84,26,7.59,3.210111e+20,100.5,136,112,31,122,2.31,2.31,2.2,127358041140.368,0.275304841272014
726941.568981829,1.2189,122.9156,33.2,7.4,0,96,0,-0.0344151471732013,37.64,0,727369,1.17,122.76,31,7.47,2.0790291e+20,129.6,102,109,10,102,2.49,2.24,2.8,154979583729.667,0.278404182510164
737011.762700116,34.9052,45.9563,19,7.3,0,43,0,-0.279182823204164,25,0,737011,34.8965,45.8045,15,7.33,1.2792129e+20,105,90,354,16,138,2.18,3.06,7.2,86165040349.0426,0.256579742114925
735707.602369097,17.3211,-100.9938,24.4,7.3,0,35,0,-0.368583234433475,34.76,5.38269253593938e-15,735707,17.4,-100.96,24,7.25,9.9761792e+19,75,114,303,18,98,2.24,2.14,4.9,132469039308.854,0.276671434063429
735108.192588542,12.1318,-88.6604,16,7.3,0,74,0,-0.0434195590527748,34.19,9.62130806752081e-16,735108,12.14,-88.59,11.8,7.32,1.2646233e+20,98,152,284,15,77,1.74,4.02,0.5,66495717653.3177,0.279277377587194
734497.553219676,-19.8371,167.9375,15.7,7.3,0,273,0,0.523511368257005,36,1.03882665780235e-15,734497,-19.7,167.94,16,7.29,1.1411524e+20,45.6,115,150,49,242,1.22,2.15,13,135980575337.048,0.286365734633716
734337.565982639,-6.0444,150.6597,43.1,7.3,0,133,0,0.211200362183335,39.9,1.80367540952536e-14,734267,3.75,96.02,38,7.24,9.5033855e+19,63,95,304,18,88,1.36,2.15,5.5,172821445288.877,0.279487037997594
733788.742806019,46.8333,155.246,31.1,7.3,0,27,0,-0.481287514624764,37.54,1.1447505417855e-15,734571,38.44,142.84,32,7.32,1.2542145e+20,75,96,193,12,78,1.52,2.17,4.5,172821445288.877,0.279487037997594
733728.710101968,1.3516,122.1629,28.1,7.3,0,23,0,-0.550923442766158,34.16,5.77361317233914e-15,733458,2.77,95.96,26,7.39,1.5921202e+20,127.5,120,308,12,80,1.39,2.23,3.1,172821445288.877,0.279487037997594
733507.532094097,-20.0376,168.9074,31.4,7.3,0,155,0,0.27768041938654,33.46,8.35108153051105e-15,734360,-17.54,168.07,25,7.26,1.0172033e+20,75,80,345,33,126,1.18,2.17,8.6,169540975634.203,0.279687865362814
731942.667363889,-21.8913,169.7329,10,7.3,0,214,0,0.41776249456544,34.46,9.35208618713774e-15,730450,-16.288,168.288,14,7.41,1.6854665e+20,62,230,170,40,67,1.67,3.31,3,101029370262.58,0.291675810667024
729520.331592361,33.8784,59.823,6.7,7.3,0,37,0,-0.344449554716756,25.4,0,729702,35.196,86.978,11.67,7.48,2.1994478e+20,20.16,204,79,82,2,2.13,2.23,6.9,82165263157.8947,0.242105263157895
727310.914483796,9.6963,-83.0745,4,7.3,0,30,0,-0.435530024064089,35.14,0,727310,9.68,-83.08,10,7.57,2.98336e+20,75,222,103,25,58,2.14,2.88,5.2,98373704421.9097,0.260841870520753
736554.060142245,-22.4778,173.1108,16.44,7.2,0,69,0,0.0302329133825228,31.42,8.18965411491124e-16,736554,-22.489,173.0954,16.1,7.24,9.602446e+19,28.75,90,292.34,52.45,184.82,2.46,1.92,8.4,139247973987.371,0.279564911122977
734878.775696644,2.4307,93.2081,20.9,7.2,0,25,0,-0.410676168682695,35.11,0,734878,2.43,93.21,19,7.17,7.5946684e+19,28,155,103,81,187,2.05,2.1,7.7,93469162105.2415,0.299139803066268
734285.718598727,-13.6734,166.6722,34.7,7.2,0,51,0,-0.101046001256796,35.82,6.41022501596456e-15,734337,-5.93,150.59,35,7.31,1.2139013e+20,129.15,126,257,24,82,2.32,2.04,3.1,131135739926.376,0.276292464863146
732540.115589468,38.2013,142.1143,37.8,7.2,0,31,0,-0.31725448352046,41.1,1.39538977633752e-15,732540,38.28,142.04,36,7.18,7.7272223e+19,56.1,114,202,25,81,1.31,2.04,5.5,172821445288.877,0.279487037997594
731522.059859144,2.9794,96.1147,31,7.2,0,33,0,-0.290102237476845,35.86,3.39724119075945e-15,731522,2.82,96.08,30,7.23,9.1105466e+19,84,70,297,16,73,2.63,1.95,2.6,168553476642.905,0.279292898752164
731218.724226273,-17.668,167.853,53.7,7.2,0,89,0,0.14077382929018,37.06,1.45297438101378e-14,729759,-22.3,170.91,101,7.43,1.8389115e+20,110,190,336,47,160,1.54,2.99,2.2,172821445288.877,0.279487037997594
729401.853102199,18.1734,-102.8339,49.3,7.2,0,10,0,-0.808616177354732,35.96,0,730864,13.05,-88.66,60,7.7,4.6609855e+20,127.5,168,307.31,55.5,273.62,1.35,2.16,9.4,170476165141.61,0.279283990683892
726928.883744444,15.1421,147.5929,11.4,7.2,0,142,0,0.343672167028324,38.12,0,726928,15.23,147.53,11,7.37,1.4684424e+20,35,75,26,61,280,2.07,1.9,5.9,52979413104.0256,0.325700211166361
736571.187475463,-0.0471,-17.8294,10,7.1,0,7,0,-0.859483035911457,28.28,3.27009762052679e-15,736571,-0.0718,-17.8139,12,7.1,5.8395161e+19,16.5,110,79,85,169,1,2.02,11,90281683994.9803,0.29989332642791
736008.791128588,52.5097,-32.0209,16.9,7.1,0,11,0,-0.663188390767489,28.5,0,736008,52.6693,-31.9244,13.8,7.13,6.4685736e+19,33,85,277.88,79.8,190.63,1.27,2.16,11,146302398072.132,0.280427442374798
734735.704908449,-18.2774,168.067,34.6,7.1,0,125,0,0.392328937082342,34.62,1.20900523744566e-14,734735,-18.36,168.14,32,7.12,6.3735013e+19,65,70,334,29,93,1.41,2.12,8.1,172821445288.877,0.279487037997594
729678.044132292,-30.8907,-71.139,54.1,7.1,0,91,0,0.25446031639538,33.4,1.40061070125218e-14,732581,-5.68,-76.4,115,7.48,2.1926721e+20,58.85,50,346.69,36,267.85,2.23,2,22,172821445288.877,0.279487037997594
736658.780426273,11.9597,-88.8355,10.34,7,0,10,0,-0.600545974496696,35.46,1.62046671729321e-15,737184,19.37,-155.03,8,6.88,2.7660745e+19,25,108,240,20,114,1.2,2.13,3.3,51491864640.6712,0.322375021391131
736574.693024306,-37.3586,179.1461,19,7,0,157,0,0.595353677912537,31.62,1.63446018220792e-15,736574,-37.401,179.055,19,7.02,4.4226091e+19,72,120,351,26,215,2.27,2.15,2.3,124884991789.58,0.275555776115203
736435.684099769,32.7906,130.7543,10,7,0,59,0,0.170306037145448,35.6,1.6581311367491e-15,736435,32.782,130.726,12,7.04,4.742828e+19,26.1,90,224,66,208,2.26,1.95,5,85044560711.5453,0.265854477786413
736172.9037125,-2.7134,138.5428,47.8,7,0,7,0,-0.755447934482439,37.7,4.26201047030959e-15,736172,-2.69,138.4789,48,6.96,3.5648385e+19,73.1,65,122,56,75,1.95,3.6,4.2,154770203449.756,0.277742975287408
735502.696333102,-15.9001,-74.6012,38.2,7,0,2,0,-1.29951597883271,34.65,0,737074,-15.776,-74.744,36.3,7.09,5.7254333e+19,85,133,313,35,92,2.16,2.26,5.1,153168550476.033,0.278126264613166
736809.901745833,-33.0291,-72.0452,28,6.9,0,62,0,0.295880816430576,34.488,3.19182180350322e-15,736809,-33.0844,-72.0397,27,6.89,2.791498e+19,86.1,105,4,17,99,2.05,2.15,3.3,172821445288.876,0.279487037997594
736620.260397801,-6.0526,148.8617,35,6.9,0,6,0,-0.718359622684035,37.95,4.8805415916624e-15,736448,-16.0941,167.3368,35,6.98,3.8615787e+19,52,55,332,37,91,2.32,1.76,9.4,172821445288.877,0.279487037997594
736163.1024625,-10.4574,165.1009,11.8,6.9,0,19,0,-0.21775727211485,38,7.67968151960316e-15,736091,-7.2771,154.5344,12,7.05,4.8551687e+19,35,105,125,67.5,272,1.96,2.24,2.7,46398784105.8492,0.330580673774526
735787.474939583,14.724,-92.4614,53,6.9,0,11,0,-0.455118187909453,35.524,4.44554752661644e-15,736957,18.549,-98.487,51,7.11,6.012192e+19,45,75,111,42,269,2.03,2.11,8.6,172821445288.877,0.279487037997594
734239.403123264,-10.9275,161.1662,54.3,6.9,0,2,0,-1.1954808774037,37.82,6.45033386587934e-15,735700,-6.59,155.05,60,7.06,5.0736954e+19,94,126,310,45,87,2.43,2.15,2.1,172821445288.877,0.279487037997594
735264.844252199,-28.1096,-70.8883,46.1,6.8,0,5,0,-0.693505767302641,32.96,1.88849362483588e-15,736478,-56.2571,-27.0364,78,7.15,6.9645446e+19,73.5,75,99,67,307,1.77,2.06,5.4,172821445288.876,0.279487037997594
733311.525309143,-5.0384,153.4446,31.8,6.8,0,13,0,-0.278532419331823,39.12,6.14564808755922e-15,734354,-5.75,150.76,34,6.87,2.6603077e+19,75,95,240,31,80,2.19,2.06,1,118850175555.589,0.273369005911105
732477.715455324,51.1639,179.4806,53.9,6.8,0,23,0,-0.0307479356210669,36,1.26974415412546e-14,736359,54.0377,158.5142,160,7.2,8.2728467e+19,60,75,78,72,239,0.74,2.17,17,172821445288.876,0.279487037997594
733256.140131481,51.3617,-179.9834,53.8,6.7,0,11,0,-0.247047985051416,35.8,1.61165561613645e-14,736353,59.6585,-153.4521,127.8,7.12,6.2205808e+19,52.5,50,60,66,37,1.28,2.03,13,172821445288.876,0.279487037997594
734023.945568981,42.5829,43.4523,14.6,6,0,31,0,0.931166733627759,25,4.42914315737252e-15,734799,38.752,43.456,16,0,0,50.721568,75,241.32,50.94,58.4,1.56,2.2,7.1,86884337534.5999,0.255895767744304
