     0.000     0.000    -3.011     0.000    -0.000 -0.9443E+05   0.1498E+05
     0.000     3.000    -5.438     0.000    -0.000 -0.9309E+05   0.3281E+05
     0.000     6.000    -7.865     0.000    -0.000 -0.9354E+05   0.4105E+05
     0.000     9.000   -10.292     0.000    -0.000 -0.8366E+05   0.7250E+05
     0.000    12.000   -12.719     0.001     0.007 -0.9755E+05  -0.6558E+05
     0.000    15.000   -15.146     0.000    -0.000 -0.1045E+06   0.7478E+05
     0.000    18.000   -17.573     0.000    -0.000 -0.9813E+05   0.5249E+05
     0.000    21.000   -20.000     0.000    -0.000 -0.9763E+05   0.4757E+05
     0.000    24.000   -22.427     0.000    -0.000 -0.1091E+06   0.4945E+05
     0.000    27.000   -24.854     0.000    -0.000 -0.1119E+06   0.5707E+05
     0.000    30.000   -27.281     0.000    -0.000 -0.1292E+06   0.8184E+05
     0.000    33.000   -29.708    -0.006     0.003 -0.3701E+05   0.1191E+06
     0.000    36.000   -32.135    -0.003     0.017 -0.6507E+05   0.5415E+04
     0.000    39.000   -34.562    -0.005     0.044 -0.5512E+05  -0.4197E+06
     0.000    42.000   -36.989     0.002     0.025 -0.1377E+06  -0.6407E+05
     0.000    45.000   -39.416    -0.008     0.012 -0.1120E+05   0.3300E+05
     0.000    48.000   -41.843    -0.007     0.003 -0.2792E+05   0.1127E+06
     0.000    51.000   -44.270    -0.003     0.002 -0.8078E+05   0.1807E+06
     0.000    54.000   -46.698    -0.025     0.020  0.1970E+06   0.3038E+05
     0.000    57.000   -49.125    -0.005     0.053  0.1314E+05  -0.3499E+06
     0.000    60.000   -51.552     0.051     0.063 -0.6712E+06  -0.6232E+06
     5.000     0.000    -3.011    -0.028     0.014  0.1239E+06  -0.1287E+06
     5.000     3.000    -5.438    -0.004     0.003 -0.2439E+06   0.1464E+06
     5.000     6.000    -7.865    -0.011     0.013 -0.7425E+05  -0.5078E+05
     5.000     9.000   -10.292    -0.002     0.003 -0.1545E+06   0.1592E+06
     5.000    12.000   -12.719    -0.006     0.017 -0.9037E+05  -0.1315E+06
     5.000    15.000   -15.146    -0.015     0.009 -0.1659E+05   0.4263E+05
     5.000    18.000   -17.573    -0.005     0.007 -0.1436E+06   0.5301E+05
     5.000    21.000   -20.000    -0.006     0.003 -0.1058E+06   0.1306E+06
     5.000    24.000   -22.427    -0.013     0.011 -0.9670E+05  -0.4137E+05
     5.000    27.000   -24.854    -0.005     0.004 -0.2611E+06   0.1648E+06
     5.000    30.000   -27.281    -0.021     0.010  0.3565E+05   0.3148E+05
     5.000    33.000   -29.708    -0.011     0.004 -0.5907E+05   0.1169E+06
     5.000    36.000   -32.135    -0.000     0.002 -0.2060E+06   0.2261E+06
     5.000    39.000   -34.562    -0.033     0.031  0.2451E+06  -0.2971E+06
     5.000    42.000   -36.989    -0.003     0.012 -0.1437E+06   0.8717E+05
     5.000    45.000   -39.416    -0.010     0.010 -0.2661E+05   0.6206E+05
     5.000    48.000   -41.843    -0.015     0.007  0.5104E+05   0.7450E+05
     5.000    51.000   -44.270    -0.001     0.002 -0.1701E+06   0.2383E+06
     5.000    54.000   -46.698    -0.030     0.023  0.1686E+06  -0.5932E+04
     5.000    57.000   -49.125    -0.015     0.045  0.3345E+04  -0.1546E+06
     5.000    60.000   -51.552    -0.000     0.080 -0.8228E+05  -0.8887E+06
    10.000     0.000    -3.011    -0.059     0.053  0.4021E+06  -0.3228E+06
    10.000     3.000    -5.438    -0.073     0.078  0.5597E+06  -0.8133E+06
    10.000     6.000    -7.865    -0.017     0.007 -0.1037E+06   0.3689E+06
    10.000     9.000   -10.292    -0.022     0.011  0.4949E+05   0.3437E+05
    10.000    12.000   -12.719    -0.004     0.003 -0.2390E+06   0.2356E+06
    10.000    15.000   -15.146    -0.046     0.030  0.2861E+06  -0.2481E+06
    10.000    18.000   -17.573    -0.032     0.013  0.7644E+05   0.1234E+06
    10.000    21.000   -20.000    -0.008     0.007 -0.2567E+06   0.4718E+06
    10.000    24.000   -22.427    -0.069     0.082  0.4244E+06  -0.7969E+06
    10.000    27.000   -24.854    -0.079     0.056  0.6091E+06  -0.2727E+06
    10.000    30.000   -27.281    -0.009     0.014 -0.1948E+06   0.2093E+06
    10.000    33.000   -29.708    -0.004     0.006 -0.1753E+06   0.1394E+06
    10.000    36.000   -32.135    -0.016     0.006 -0.3482E+05   0.8440E+05
    10.000    39.000   -34.562    -0.002     0.002 -0.2486E+06   0.1472E+06
    10.000    42.000   -36.989    -0.024     0.007  0.7092E+05   0.5512E+05
    10.000    45.000   -39.416    -0.008     0.005 -0.1367E+06   0.1160E+06
    10.000    48.000   -41.843    -0.010     0.008 -0.9333E+05   0.1287E+06
    10.000    51.000   -44.270    -0.004     0.021 -0.1444E+06  -0.8035E+05
    10.000    54.000   -46.698    -0.007     0.010 -0.1753E+06   0.1696E+06
    10.000    57.000   -49.125    -0.036     0.018  0.1204E+06   0.1379E+06
    10.000    60.000   -51.552    -0.044     0.058  0.3427E+06  -0.6509E+06
    15.000     0.000    -3.011     0.000    -0.000 -0.3056E+06   0.1890E+06
    15.000     3.000    -5.438    -0.021     0.010 -0.8400E+05   0.6064E+04
    15.000     6.000    -7.865    -0.007     0.006 -0.2131E+06   0.9451E+05
    15.000     9.000   -10.292    -0.005     0.003 -0.2508E+06   0.1772E+06
    15.000    12.000   -12.719    -0.032     0.010  0.8361E+05   0.6762E+05
    15.000    15.000   -15.146    -0.018     0.006 -0.1676E+06   0.2286E+06
    15.000    18.000   -17.573    -0.047     0.019  0.2137E+06   0.1447E+06
    15.000    21.000   -20.000    -0.038     0.046  0.4897E+05   0.1759E+05
    15.000    24.000   -22.427    -0.057     0.102  0.3004E+06  -0.1124E+07
    15.000    27.000   -24.854    -0.003     0.002 -0.3191E+06   0.6019E+06
    15.000    30.000   -27.281    -0.009     0.003 -0.9622E+05   0.1916E+06
    15.000    33.000   -29.708    -0.013     0.005 -0.9762E+05   0.2160E+06
    15.000    36.000   -32.135    -0.035     0.025  0.1515E+06  -0.1649E+06
    15.000    39.000   -34.562    -0.003     0.008 -0.3323E+06   0.2072E+06
    15.000    42.000   -36.989    -0.028     0.010  0.6293E+04   0.1139E+06
    15.000    45.000   -39.416    -0.007     0.007 -0.2655E+06   0.1951E+06
    15.000    48.000   -41.843    -0.035     0.016  0.1629E+06   0.4004E+05
    15.000    51.000   -44.270    -0.005     0.016 -0.1702E+06   0.7374E+05
    15.000    54.000   -46.698    -0.008     0.015 -0.1801E+06   0.1655E+06
    15.000    57.000   -49.125    -0.069     0.038  0.5794E+06  -0.2557E+06
    15.000    60.000   -51.552    -0.013     0.025 -0.1140E+06  -0.1018E+06
    20.000     0.000    -3.011     0.000    -0.000 -0.4088E+06   0.1290E+06
    20.000     3.000    -5.438    -0.011     0.008 -0.3363E+06   0.5394E+05
    20.000     6.000    -7.865    -0.013     0.006 -0.2941E+06   0.2150E+06
    20.000     9.000   -10.292    -0.017     0.021 -0.2122E+06  -0.4742E+04
    20.000    12.000   -12.719    -0.009     0.020 -0.2976E+06   0.1431E+05
    20.000    15.000   -15.146    -0.002     0.003 -0.3558E+06   0.3289E+06
    20.000    18.000   -17.573    -0.007     0.012 -0.2980E+06   0.1126E+06
    20.000    21.000   -20.000    -0.003     0.004 -0.3298E+06   0.2700E+06
    20.000    24.000   -22.427    -0.003     0.001 -0.2503E+06   0.3028E+06
    20.000    27.000   -24.854    -0.002     0.002 -0.1131E+06   0.3718E+06
    20.000    30.000   -27.281    -0.002     0.004 -0.6459E+05   0.4700E+06
    20.000    33.000   -29.708    -0.005     0.009 -0.3211E+06   0.4360E+06
    20.000    36.000   -32.135    -0.001     0.000 -0.7505E+06   0.8048E+06
    20.000    39.000   -34.562    -0.037     0.045 -0.1611E+06  -0.6545E+04
    20.000    42.000   -36.989    -0.023     0.028 -0.2375E+06   0.2321E+06
    20.000    45.000   -39.416    -0.031     0.024 -0.4501E+05   0.1108E+06
    20.000    48.000   -41.843    -0.013     0.014 -0.2285E+06   0.1442E+06
    20.000    51.000   -44.270    -0.001     0.001 -0.3282E+06   0.3276E+06
    20.000    54.000   -46.698    -0.008     0.012 -0.1721E+06   0.8808E+05
    20.000    57.000   -49.125    -0.008     0.004 -0.1759E+06   0.3102E+06
    20.000    60.000   -51.552    -0.014     0.034 -0.8172E+04  -0.3685E+06
    25.000     0.000    -3.011    -0.073     0.042 -0.5215E+06  -0.4375E+06
    25.000     3.000    -5.438    -0.020     0.012 -0.1599E+07   0.4110E+06
    25.000     6.000    -7.865    -0.003     0.002 -0.1425E+07   0.6292E+06
    25.000     9.000   -10.292    -0.003     0.005 -0.8654E+06   0.4826E+06
    25.000    12.000   -12.719    -0.004     0.002 -0.5617E+06   0.4203E+06
    25.000    15.000   -15.146    -0.005     0.003 -0.4056E+06   0.3378E+06
    25.000    18.000   -17.573    -0.001     0.002 -0.3996E+06   0.3426E+06
    25.000    21.000   -20.000    -0.001     0.005 -0.3572E+06   0.3289E+06
    25.000    24.000   -22.427    -0.006     0.005 -0.2764E+06   0.4773E+06
    25.000    27.000   -24.854    -0.001     0.004 -0.3824E+06   0.1205E+07
    25.000    30.000   -27.281    -0.032     0.100 -0.2969E+05   0.2208E+07
    25.000    33.000   -29.708    -0.124     0.705  0.8655E+06  -0.7439E+07
    25.000    36.000   -32.135    -0.090     0.508  0.9622E+05  -0.3953E+07
    25.000    39.000   -34.562    -0.002     0.002 -0.8333E+06   0.3277E+07
    25.000    42.000   -36.989    -0.028     0.060 -0.1588E+06  -0.2440E+05
    25.000    45.000   -39.416    -0.037     0.015 -0.8994E+03   0.5355E+06
    25.000    48.000   -41.843    -0.033     0.016 -0.2420E+05   0.2897E+06
    25.000    51.000   -44.270    -0.070     0.034  0.5110E+06  -0.1288E+06
    25.000    54.000   -46.698    -0.011     0.010 -0.2183E+06   0.3594E+06
    25.000    57.000   -49.125    -0.011     0.028 -0.9490E+05  -0.2200E+05
    25.000    60.000   -51.552    -0.009     0.035 -0.4227E+05  -0.2562E+06
    30.000     0.000    -3.011    -0.545     0.410  0.4075E+07  -0.3693E+07
    30.000     3.000    -5.438    -0.507     0.185  0.2646E+07   0.8263E+06
    30.000     6.000    -7.865    -0.310     0.131  0.7673E+06   0.3103E+06
    30.000     9.000   -10.292    -0.033     0.018 -0.1607E+07   0.1546E+07
    30.000    12.000   -12.719    -0.021     0.015 -0.8033E+06   0.7959E+06
    30.000    15.000   -15.146    -0.007     0.006 -0.6688E+06   0.6105E+06
    30.000    18.000   -17.573    -0.002     0.002 -0.6729E+06   0.5784E+06
    30.000    21.000   -20.000    -0.006     0.009 -0.6062E+06   0.4961E+06
    30.000    24.000   -22.427    -0.006     0.007 -0.6660E+06   0.9289E+06
    30.000    27.000   -24.854    -0.058     0.069 -0.4195E+05   0.2399E+06
    30.000    30.000   -27.281    -0.036     0.024 -0.6370E+06   0.3659E+07
    30.000    33.000   -29.708    -0.118     0.605  0.2286E+06  -0.5593E+07
    30.000    36.000   -32.135    -0.127     0.551  0.5486E+06  -0.4660E+07
    30.000    39.000   -34.562    -0.016     0.010 -0.5009E+06   0.3390E+07
    30.000    42.000   -36.989    -0.002     0.003 -0.3816E+06   0.1103E+07
    30.000    45.000   -39.416    -0.018     0.008 -0.2473E+06   0.5478E+06
    30.000    48.000   -41.843    -0.012     0.004 -0.4216E+06   0.5768E+06
    30.000    51.000   -44.270    -0.030     0.024 -0.1439E+06   0.2066E+06
    30.000    54.000   -46.698    -0.030     0.044  0.1035E+05  -0.2078E+06
    30.000    57.000   -49.125    -0.010     0.017 -0.1272E+06   0.1794E+06
    30.000    60.000   -51.552    -0.003     0.005 -0.1103E+06   0.1941E+06
    35.000     0.000    -3.011    -0.341     1.365  0.1334E+07  -0.1206E+08
    35.000     3.000    -5.438    -0.368     0.910 -0.3109E+06  -0.3112E+07
    35.000     6.000    -7.865    -0.417     0.514  0.7195E+06  -0.3938E+06
    35.000     9.000   -10.292    -0.160     0.221 -0.1026E+07   0.1056E+07
    35.000    12.000   -12.719    -0.001     0.004 -0.1925E+07   0.2675E+07
    35.000    15.000   -15.146    -0.006     0.011 -0.1340E+07   0.1344E+07
    35.000    18.000   -17.573    -0.028     0.031 -0.1231E+07   0.6540E+06
    35.000    21.000   -20.000    -0.002     0.001 -0.2053E+07   0.1228E+07
    35.000    24.000   -22.427    -0.006     0.004 -0.2143E+07   0.1449E+07
    35.000    27.000   -24.854    -0.001     0.004 -0.1654E+07   0.2110E+07
    35.000    30.000   -27.281    -0.045     0.096 -0.1183E+07   0.2116E+07
    35.000    33.000   -29.708    -0.113     0.453 -0.4577E+06  -0.2738E+07
    35.000    36.000   -32.135    -0.106     0.545 -0.9476E+05  -0.4890E+07
    35.000    39.000   -34.562    -0.012     0.014 -0.6896E+06   0.3520E+07
    35.000    42.000   -36.989    -0.006     0.014 -0.4463E+06   0.2079E+07
    35.000    45.000   -39.416    -0.056     0.261  0.2362E+06  -0.3017E+07
    35.000    48.000   -41.843    -0.036     0.017 -0.1656E+06   0.1528E+07
    35.000    51.000   -44.270    -0.049     0.036  0.5300E+05   0.2243E+06
    35.000    54.000   -46.698    -0.010     0.017 -0.3014E+06   0.3399E+06
    35.000    57.000   -49.125    -0.009     0.009 -0.1251E+06   0.2306E+06
    35.000    60.000   -51.552    -0.003     0.001 -0.1134E+06   0.2398E+06
    40.000     0.000    -3.011     0.036     2.083 -0.3856E+07  -0.1893E+08
    40.000     3.000    -5.438    -0.493     1.429  0.7093E+06  -0.6147E+07
    40.000     6.000    -7.865    -0.516     0.614  0.6790E+06   0.2120E+07
    40.000     9.000   -10.292    -0.303     0.314 -0.6974E+06   0.2603E+07
    40.000    12.000   -12.719    -0.274     0.338  0.2604E+06   0.6891E+05
    40.000    15.000   -15.146    -0.099     0.273 -0.1457E+07   0.7480E+06
    40.000    18.000   -17.573    -0.285     0.248  0.1139E+06   0.1647E+07
    40.000    21.000   -20.000    -0.453     0.559  0.1566E+06  -0.3971E+07
    40.000    24.000   -22.427    -0.510     0.318  0.7410E+06   0.7967E+06
    40.000    27.000   -24.854    -0.035     0.092 -0.3770E+07   0.4649E+07
    40.000    30.000   -27.281    -0.183     0.374 -0.8734E+06  -0.8500E+06
    40.000    33.000   -29.708    -0.199     0.390 -0.5195E+06  -0.2517E+06
    40.000    36.000   -32.135    -0.171     0.444  0.7111E+05  -0.2818E+07
    40.000    39.000   -34.562    -0.036     0.031 -0.1020E+07   0.3264E+07
    40.000    42.000   -36.989    -0.002     0.004 -0.1003E+07   0.2062E+07
    40.000    45.000   -39.416    -0.027     0.071 -0.3744E+06   0.1023E+07
    40.000    48.000   -41.843    -0.094     0.258  0.6418E+06  -0.2444E+07
    40.000    51.000   -44.270    -0.029     0.107 -0.1561E+06   0.1164E+05
    40.000    54.000   -46.698    -0.014     0.012 -0.2106E+06   0.7585E+06
    40.000    57.000   -49.125    -0.008     0.010 -0.2887E+06   0.2956E+06
    40.000    60.000   -51.552    -0.009     0.005 -0.1025E+06   0.2586E+06
    45.000     0.000    -3.011    -0.367     2.312 -0.9262E+06  -0.2284E+08
    45.000     3.000    -5.438    -0.880     1.211  0.3252E+07  -0.1630E+07
    45.000     6.000    -7.865    -0.817     0.510  0.2715E+07   0.3403E+07
    45.000     9.000   -10.292    -0.627     0.203  0.2058E+07   0.4978E+07
    45.000    12.000   -12.719    -0.655     0.377  0.4112E+07   0.4957E+06
    45.000    15.000   -15.146    -0.311     0.358  0.3356E+05   0.3299E+07
    45.000    18.000   -17.573    -0.572     0.847  0.1198E+07  -0.2223E+07
    45.000    21.000   -20.000    -1.454     1.355  0.9118E+07  -0.8706E+07
    45.000    24.000   -22.427    -1.522     1.146  0.9716E+07  -0.4385E+07
    45.000    27.000   -24.854    -0.495     0.791 -0.4685E+06  -0.3380E+06
    45.000    30.000   -27.281    -0.416     0.616  0.6716E+06   0.1951E+06
    45.000    33.000   -29.708    -0.562     0.581  0.3188E+07  -0.2373E+05
    45.000    36.000   -32.135    -0.269     0.738  0.2622E+06  -0.3590E+07
    45.000    39.000   -34.562    -0.216     0.626  0.7364E+06  -0.4008E+07
    45.000    42.000   -36.989    -0.018     0.013 -0.1319E+07   0.4431E+07
    45.000    45.000   -39.416    -0.002     0.001 -0.1029E+07   0.1923E+07
    45.000    48.000   -41.843    -0.025     0.035 -0.3827E+06   0.5676E+06
    45.000    51.000   -44.270    -0.008     0.020 -0.4528E+06   0.7113E+06
    45.000    54.000   -46.698    -0.035     0.042 -0.1198E+06   0.1853E+06
    45.000    57.000   -49.125    -0.122     0.044  0.1120E+07  -0.7833E+05
    45.000    60.000   -51.552    -0.005     0.001 -0.2449E+06   0.4584E+06
    50.000     0.000    -3.011    -1.054     2.257  0.4922E+07  -0.2259E+08
    50.000     3.000    -5.438    -1.287     1.079  0.6155E+07  -0.5137E+06
    50.000     6.000    -7.865    -0.973     0.316  0.3654E+07   0.5841E+07
    50.000     9.000   -10.292    -0.518     0.199  0.5124E+06   0.4866E+07
    50.000    12.000   -12.719    -0.263     0.494 -0.8841E+06   0.3437E+05
    50.000    15.000   -15.146    -0.245     0.637 -0.9260E+06   0.1368E+07
    50.000    18.000   -17.573    -0.516     1.157 -0.1244E+06  -0.3866E+07
    50.000    21.000   -20.000    -1.490     1.489  0.9070E+07  -0.6317E+07
    50.000    24.000   -22.427    -1.644     1.642  0.1140E+08  -0.1044E+08
    50.000    27.000   -24.854    -0.462     0.990 -0.5309E+06  -0.2378E+07
    50.000    30.000   -27.281    -0.322     0.460 -0.1121E+06   0.3611E+07
    50.000    33.000   -29.708    -0.622     0.643  0.3968E+07  -0.1370E+07
    50.000    36.000   -32.135    -0.438     0.759  0.2174E+07  -0.2602E+07
    50.000    39.000   -34.562    -0.380     0.854  0.2597E+07  -0.4287E+07
    50.000    42.000   -36.989    -0.174     0.819  0.6103E+06  -0.6747E+07
    50.000    45.000   -39.416    -0.030     0.021 -0.6300E+06   0.5056E+07
    50.000    48.000   -41.843    -0.039     0.077 -0.2278E+06   0.6074E+06
    50.000    51.000   -44.270    -0.104     0.078  0.3454E+06   0.3381E+06
    50.000    54.000   -46.698    -0.063     0.094 -0.7421E+05  -0.2591E+06
    50.000    57.000   -49.125    -0.010     0.022 -0.4611E+06   0.5868E+06
    50.000    60.000   -51.552    -0.003     0.003 -0.2037E+06   0.3853E+06
    55.000     0.000    -3.011    -1.411     1.870  0.7944E+07  -0.1753E+08
    55.000     3.000    -5.438    -1.141     1.101  0.3617E+07  -0.2805E+07
    55.000     6.000    -7.865    -0.714     0.446  0.8555E+06   0.2410E+07
    55.000     9.000   -10.292    -0.256     0.098 -0.2035E+07   0.4916E+07
    55.000    12.000   -12.719    -0.068     0.198 -0.2610E+07   0.3638E+07
    55.000    15.000   -15.146    -0.180     0.671 -0.1001E+07  -0.1862E+07
    55.000    18.000   -17.573    -0.265     0.923 -0.1318E+07  -0.2496E+07
    55.000    21.000   -20.000    -0.593     1.163  0.1343E+07  -0.5914E+07
    55.000    24.000   -22.427    -0.349     1.012 -0.1232E+07  -0.6135E+07
    55.000    27.000   -24.854    -0.135     0.333 -0.1382E+07   0.2386E+07
    55.000    30.000   -27.281    -0.136     0.141 -0.6362E+06   0.3194E+07
    55.000    33.000   -29.708    -0.251     0.289  0.4003E+06  -0.4018E+05
    55.000    36.000   -32.135    -0.257     0.317  0.6568E+06   0.1128E+07
    55.000    39.000   -34.562    -0.229     0.664  0.8651E+06  -0.4098E+07
    55.000    42.000   -36.989    -0.262     0.759  0.2348E+07  -0.7285E+07
    55.000    45.000   -39.416    -0.035     0.029 -0.4977E+05   0.4207E+07
    55.000    48.000   -41.843    -0.069     0.038  0.1251E+06   0.2043E+07
    55.000    51.000   -44.270    -0.332     0.310  0.3210E+07  -0.2997E+07
    55.000    54.000   -46.698    -0.100     0.196  0.3096E+06  -0.1084E+07
    55.000    57.000   -49.125    -0.026     0.026 -0.9131E+05   0.9281E+06
    55.000    60.000   -51.552    -0.021     0.008  0.1023E+06   0.3743E+06
    60.000     0.000    -3.011    -1.474     1.070  0.9141E+07  -0.9000E+07
    60.000     3.000    -5.438    -1.115     0.696  0.4183E+07  -0.1951E+07
    60.000     6.000    -7.865    -0.686     0.320  0.1341E+07   0.1052E+07
    60.000     9.000   -10.292    -0.291     0.094 -0.1096E+07   0.2405E+07
    60.000    12.000   -12.719    -0.093     0.032 -0.2008E+07   0.2498E+07
    60.000    15.000   -15.146    -0.052     0.072 -0.1815E+07   0.1577E+07
    60.000    18.000   -17.573    -0.046     0.039 -0.2028E+07   0.3255E+07
    60.000    21.000   -20.000    -0.134     0.332 -0.8993E+06  -0.2627E+07
    60.000    24.000   -22.427    -0.020     0.050 -0.1585E+07   0.2175E+07
    60.000    27.000   -24.854    -0.008     0.010 -0.8934E+06   0.1603E+07
    60.000    30.000   -27.281    -0.014     0.010 -0.9420E+06   0.1378E+07
    60.000    33.000   -29.708    -0.060     0.056 -0.5509E+06   0.4120E+06
    60.000    36.000   -32.135    -0.035     0.023 -0.8710E+06   0.9352E+06
    60.000    39.000   -34.562    -0.003     0.007 -0.1006E+07   0.9509E+06
    60.000    42.000   -36.989    -0.001     0.004 -0.5062E+06   0.7664E+06
    60.000    45.000   -39.416    -0.007     0.003 -0.9330E+05   0.8461E+06
    60.000    48.000   -41.843    -0.015     0.016 -0.4609E+06   0.1248E+07
    60.000    51.000   -44.270    -0.078     0.184 -0.3325E+05  -0.1986E+07
    60.000    54.000   -46.698    -0.040     0.029 -0.1821E+06   0.8423E+06
    60.000    57.000   -49.125    -0.037     0.028  0.1789E+06   0.1413E+06
    60.000    60.000   -51.552    -0.001     0.003 -0.1312E+06   0.3339E+06
    65.000     0.000    -3.011    -0.929     0.413  0.4887E+07  -0.2156E+07
    65.000     3.000    -5.438    -0.888     0.305  0.4074E+07   0.1680E+06
    65.000     6.000    -7.865    -0.831     0.335  0.5010E+07  -0.1901E+07
    65.000     9.000   -10.292    -0.522     0.159  0.2713E+07   0.2919E+06
    65.000    12.000   -12.719    -0.359     0.096  0.2100E+07   0.1973E+06
    65.000    15.000   -15.146    -0.040     0.015 -0.1335E+07   0.1298E+07
    65.000    18.000   -17.573    -0.142     0.060  0.2961E+06   0.2648E+06
    65.000    21.000   -20.000    -0.059     0.061 -0.7842E+06   0.1969E+06
    65.000    24.000   -22.427    -0.102     0.037  0.4050E+06   0.4126E+06
    65.000    27.000   -24.854    -0.007     0.002 -0.6119E+06   0.1020E+07
    65.000    30.000   -27.281    -0.083     0.080  0.5166E+06  -0.6422E+06
    65.000    33.000   -29.708    -0.008     0.009 -0.4584E+06   0.6517E+06
    65.000    36.000   -32.135    -0.011     0.009 -0.2887E+06   0.3212E+06
    65.000    39.000   -34.562    -0.005     0.003 -0.3967E+06   0.3896E+06
    65.000    42.000   -36.989    -0.003     0.006 -0.4690E+06   0.3971E+06
    65.000    45.000   -39.416    -0.001     0.001 -0.4877E+06   0.8298E+06
    65.000    48.000   -41.843    -0.083     0.067  0.3876E+06   0.2361E+06
    65.000    51.000   -44.270    -0.094     0.192  0.4389E+06  -0.1915E+07
    65.000    54.000   -46.698    -0.042     0.077  0.6315E+05   0.1109E+05
    65.000    57.000   -49.125    -0.005     0.010 -0.2360E+06   0.5012E+06
    65.000    60.000   -51.552    -0.001     0.005 -0.1038E+06   0.2051E+06
    70.000     0.000    -3.011    -0.154     0.085 -0.1239E+07   0.2184E+06
    70.000     3.000    -5.438    -0.052     0.028 -0.2854E+07   0.1055E+07
    70.000     6.000    -7.865    -0.066     0.032 -0.2146E+07   0.3493E+06
    70.000     9.000   -10.292    -0.028     0.012 -0.1904E+07   0.4979E+06
    70.000    12.000   -12.719    -0.092     0.026 -0.4548E+06   0.1623E+06
    70.000    15.000   -15.146    -0.091     0.042 -0.5357E+05   0.1224E+06
    70.000    18.000   -17.573    -0.128     0.074  0.3787E+06  -0.1502E+06
    70.000    21.000   -20.000    -0.174     0.108  0.1141E+07  -0.9229E+06
    70.000    24.000   -22.427    -0.036     0.015 -0.3322E+06   0.5649E+06
    70.000    27.000   -24.854    -0.004     0.002 -0.4006E+06   0.4034E+06
    70.000    30.000   -27.281    -0.011     0.004 -0.2305E+06   0.2770E+06
    70.000    33.000   -29.708    -0.004     0.004 -0.2708E+06   0.4037E+06
    70.000    36.000   -32.135    -0.039     0.027  0.7173E+05   0.6606E+06
    70.000    39.000   -34.562    -0.104     0.180  0.7760E+06  -0.1537E+07
    70.000    42.000   -36.989    -0.141     0.194  0.1249E+07  -0.1667E+07
    70.000    45.000   -39.416    -0.043     0.049 -0.3075E+05   0.9626E+06
    70.000    48.000   -41.843    -0.073     0.132  0.2998E+06  -0.1119E+07
    70.000    51.000   -44.270    -0.086     0.060  0.4905E+06   0.2794E+05
    70.000    54.000   -46.698    -0.017     0.034 -0.3906E+06   0.1453E+06
    70.000    57.000   -49.125    -0.035     0.033  0.2941E+04  -0.4402E+05
    70.000    60.000   -51.552    -0.005     0.003 -0.2019E+06   0.3627E+06
    75.000     0.000    -3.011    -0.013     0.009 -0.1433E+07   0.2436E+06
    75.000     3.000    -5.438    -0.032     0.021 -0.1226E+07   0.1520E+06
    75.000     6.000    -7.865    -0.036     0.018 -0.8039E+06   0.2278E+06
    75.000     9.000   -10.292    -0.002     0.004 -0.9224E+06   0.3745E+06
    75.000    12.000   -12.719    -0.005     0.006 -0.7172E+06   0.2632E+06
    75.000    15.000   -15.146    -0.003     0.005 -0.6771E+06   0.3286E+06
    75.000    18.000   -17.573    -0.025     0.023 -0.4601E+06   0.5344E+05
    75.000    21.000   -20.000    -0.067     0.030  0.1559E+06  -0.1384E+06
    75.000    24.000   -22.427    -0.008     0.010 -0.3400E+06   0.1288E+06
    75.000    27.000   -24.854    -0.004     0.002 -0.2243E+06   0.1996E+06
    75.000    30.000   -27.281    -0.003     0.005 -0.2392E+06   0.2521E+06
    75.000    33.000   -29.708    -0.009     0.035 -0.1924E+06  -0.2274E+06
    75.000    36.000   -32.135    -0.013     0.011 -0.2510E+06   0.2714E+06
    75.000    39.000   -34.562    -0.004     0.003 -0.4759E+06   0.3451E+06
    75.000    42.000   -36.989    -0.014     0.007 -0.2783E+06   0.2265E+06
    75.000    45.000   -39.416    -0.013     0.010 -0.1938E+06   0.1537E+06
    75.000    48.000   -41.843    -0.003     0.003 -0.3620E+06   0.2868E+06
    75.000    51.000   -44.270    -0.007     0.003 -0.4787E+06   0.4821E+06
    75.000    54.000   -46.698    -0.184     0.060  0.1747E+07  -0.3692E+05
    75.000    57.000   -49.125    -0.145     0.167  0.1285E+07  -0.2028E+07
    75.000    60.000   -51.552    -0.026     0.025  0.4690E+05   0.4344E+06
    80.000     0.000    -3.011    -0.235     0.114  0.9773E+06  -0.1055E+07
    80.000     3.000    -5.438    -0.255     0.093  0.1219E+07  -0.5071E+06
    80.000     6.000    -7.865    -0.063     0.022 -0.6480E+06   0.5565E+06
    80.000     9.000   -10.292    -0.051     0.034 -0.1365E+06  -0.9793E+05
    80.000    12.000   -12.719    -0.007     0.005 -0.4675E+06   0.3006E+06
    80.000    15.000   -15.146    -0.001     0.001 -0.3922E+06   0.2389E+06
    80.000    18.000   -17.573    -0.002     0.006 -0.3444E+06   0.1088E+06
    80.000    21.000   -20.000    -0.008     0.005 -0.2449E+06   0.8672E+05
    80.000    24.000   -22.427    -0.001     0.001 -0.2524E+06   0.1532E+06
    80.000    27.000   -24.854    -0.009     0.013 -0.1819E+06  -0.9042E+05
    80.000    30.000   -27.281    -0.016     0.007 -0.3473E+06   0.8336E+05
    80.000    33.000   -29.708    -0.007     0.005 -0.5698E+06   0.2422E+06
    80.000    36.000   -32.135    -0.012     0.015 -0.2760E+06   0.1092E+06
    80.000    39.000   -34.562    -0.029     0.012  0.7966E+05   0.1076E+06
    80.000    42.000   -36.989    -0.004     0.006 -0.2308E+06   0.1321E+06
    80.000    45.000   -39.416    -0.009     0.008 -0.2486E+06   0.6793E+05
    80.000    48.000   -41.843    -0.036     0.013 -0.8982E+05   0.6292E+05
    80.000    51.000   -44.270    -0.012     0.021 -0.4399E+06   0.2376E+05
    80.000    54.000   -46.698    -0.003     0.002 -0.5908E+06   0.3197E+06
    80.000    57.000   -49.125    -0.002     0.001 -0.4519E+06   0.1348E+06
    80.000    60.000   -51.552    -0.002     0.003 -0.1468E+06   0.6277E+05
    85.000     0.000    -3.011    -0.379     0.138  0.2460E+07  -0.1109E+07
    85.000     3.000    -5.438    -0.285     0.104  0.1376E+07  -0.4472E+06
    85.000     6.000    -7.865    -0.147     0.042  0.5222E+06   0.2733E+06
    85.000     9.000   -10.292    -0.050     0.050 -0.1265E+06  -0.2288E+06
    85.000    12.000   -12.719    -0.040     0.036  0.6137E+05  -0.1694E+06
    85.000    15.000   -15.146    -0.015     0.006 -0.1915E+06   0.2008E+06
    85.000    18.000   -17.573    -0.006     0.003 -0.2579E+06   0.1551E+06
    85.000    21.000   -20.000    -0.006     0.004 -0.2226E+06   0.1161E+06
    85.000    24.000   -22.427    -0.008     0.004 -0.1931E+06   0.1831E+06
    85.000    27.000   -24.854    -0.011     0.014 -0.3468E+06   0.2802E+06
    85.000    30.000   -27.281    -0.167     0.078  0.1349E+07  -0.6366E+06
    85.000    33.000   -29.708    -0.244     0.084  0.2311E+07  -0.5792E+06
    85.000    36.000   -32.135    -0.030     0.056 -0.2105E+06  -0.2709E+06
    85.000    39.000   -34.562    -0.010     0.007 -0.1450E+06   0.4289E+06
    85.000    42.000   -36.989    -0.021     0.032  0.3785E+05  -0.2278E+06
    85.000    45.000   -39.416    -0.024     0.019 -0.2311E+06   0.1449E+06
    85.000    48.000   -41.843    -0.168     0.058  0.1238E+07  -0.5791E+06
    85.000    51.000   -44.270    -0.092     0.032  0.2529E+06  -0.2935E+05
    85.000    54.000   -46.698    -0.014     0.011 -0.4310E+06   0.2371E+06
    85.000    57.000   -49.125    -0.041     0.021  0.1706E+06  -0.7942E+05
    85.000    60.000   -51.552    -0.006     0.009 -0.1251E+06   0.6770E+05
    90.000     0.000    -3.011    -0.338     0.084  0.2643E+07  -0.6018E+06
    90.000     3.000    -5.438    -0.091     0.035 -0.4015E+06   0.1430E+06
    90.000     6.000    -7.865    -0.038     0.021 -0.3563E+06   0.7452E+05
    90.000     9.000   -10.292    -0.011     0.027 -0.3306E+06  -0.1473E+06
    90.000    12.000   -12.719    -0.011     0.014 -0.2248E+06   0.1668E+06
    90.000    15.000   -15.146    -0.060     0.042  0.4366E+06  -0.3926E+06
    90.000    18.000   -17.573    -0.053     0.018  0.3431E+06   0.2027E+06
    90.000    21.000   -20.000    -0.041     0.054  0.2267E+06  -0.5584E+06
    90.000    24.000   -22.427    -0.037     0.018  0.1874E+06   0.1403E+06
    90.000    27.000   -24.854    -0.027     0.015 -0.4920E+05   0.1470E+06
    90.000    30.000   -27.281    -0.048     0.019 -0.4752E+05   0.6122E+05
    90.000    33.000   -29.708    -0.068     0.021  0.1694E+06  -0.3908E+05
    90.000    36.000   -32.135    -0.027     0.025 -0.2663E+05  -0.2036E+06
    90.000    39.000   -34.562    -0.006     0.009 -0.1060E+06   0.1123E+06
    90.000    42.000   -36.989    -0.003     0.010 -0.1457E+06   0.8955E+05
    90.000    45.000   -39.416    -0.017     0.011 -0.3143E+06   0.3079E+06
    90.000    48.000   -41.843    -0.212     0.065  0.1804E+07  -0.6626E+06
    90.000    51.000   -44.270    -0.199     0.031  0.1611E+07   0.3964E+05
    90.000    54.000   -46.698    -0.102     0.047  0.6639E+06  -0.3705E+06
    90.000    57.000   -49.125    -0.069     0.034  0.5089E+06  -0.1820E+06
    90.000    60.000   -51.552    -0.024     0.018  0.1239E+06  -0.9051E+05
