     0.000     0.000   -99.023    -0.256    -0.656  0.3537E+07   0.1172E+08
     0.000     3.500  -102.221    -0.080    -0.369  0.2233E+06   0.3330E+07
     0.000     7.000  -105.418    -0.007    -0.069 -0.7599E+06  -0.1702E+07
     0.000    10.500  -108.616     0.000    -0.000 -0.9957E+06  -0.1358E+07
     0.000    14.000  -111.813     0.000    -0.000 -0.1246E+07  -0.6696E+06
     0.000    17.500  -115.010     0.000    -0.000 -0.1456E+07  -0.4688E+06
     0.000    21.000  -118.208     0.000    -0.000 -0.1514E+07  -0.4015E+06
     0.000    24.500  -121.405    -0.021    -0.026 -0.7894E+06   0.4406E+06
     0.000    28.000  -124.603    -0.019    -0.012 -0.5164E+06   0.1224E+06
     0.000    31.500  -127.800    -0.001    -0.000 -0.5971E+06  -0.2529E+05
     0.000    35.000  -130.997     0.000    -0.000 -0.3774E+06   0.4007E+05
     0.000    38.500  -134.195     0.000    -0.000 -0.2245E+06   0.3057E+05
     0.000    42.000  -137.392     0.000    -0.000 -0.1325E+06   0.5059E+03
     0.000    45.500  -140.590    -0.002    -0.001 -0.4202E+05  -0.7823E+04
     0.000    49.000  -143.787    -0.003    -0.004  0.1977E+05   0.5661E+05
     5.000     0.000   -99.023    -0.157    -0.444  0.1396E+07   0.7180E+07
     5.000     3.500  -102.221    -0.112    -0.258  0.9850E+05   0.1328E+07
     5.000     7.000  -105.418    -0.018    -0.046 -0.1660E+07  -0.2339E+07
     5.000    10.500  -108.616    -0.003    -0.005 -0.2390E+07  -0.1879E+07
     5.000    14.000  -111.813    -0.000    -0.000 -0.3448E+07  -0.1684E+07
     5.000    17.500  -115.010    -0.031    -0.043 -0.3352E+07  -0.3100E+06
     5.000    21.000  -118.208    -0.090    -0.071 -0.1545E+07   0.6081E+06
     5.000    24.500  -121.405    -0.042    -0.061 -0.1761E+07   0.7045E+06
     5.000    28.000  -124.603    -0.017    -0.009 -0.1564E+07  -0.2923E+06
     5.000    31.500  -127.800    -0.002    -0.001 -0.1187E+07  -0.7796E+05
     5.000    35.000  -130.997    -0.001    -0.001 -0.6280E+06   0.2626E+05
     5.000    38.500  -134.195    -0.000    -0.001 -0.2874E+06  -0.2016E+05
     5.000    42.000  -137.392    -0.001    -0.001 -0.1116E+06  -0.5498E+05
     5.000    45.500  -140.590    -0.002    -0.001 -0.2282E+05  -0.7095E+05
     5.000    49.000  -143.787    -0.001    -0.002 -0.1446E+05  -0.3694E+05
    10.000     0.000   -99.023    -0.056    -0.213 -0.1306E+06   0.2950E+07
    10.000     3.500  -102.221    -0.056    -0.116 -0.1048E+07  -0.5121E+06
    10.000     7.000  -105.418    -0.004    -0.003 -0.3532E+07  -0.3678E+07
    10.000    10.500  -108.616    -0.001    -0.001 -0.7998E+07  -0.4238E+07
    10.000    14.000  -111.813    -0.157    -0.105 -0.9026E+07  -0.1801E+07
    10.000    17.500  -115.010    -0.294    -0.246 -0.6887E+07   0.2526E+07
    10.000    21.000  -118.208    -0.164    -0.159 -0.7655E+07   0.8385E+06
    10.000    24.500  -121.405    -0.034    -0.027 -0.8074E+07  -0.1904E+07
    10.000    28.000  -124.603    -0.016    -0.011 -0.6403E+07  -0.1606E+07
    10.000    31.500  -127.800    -0.022    -0.007 -0.3934E+07  -0.1126E+07
    10.000    35.000  -130.997    -0.004    -0.004 -0.1806E+07  -0.6593E+06
    10.000    38.500  -134.195    -0.000    -0.001 -0.4847E+06  -0.4198E+06
    10.000    42.000  -137.392    -0.000    -0.000 -0.6652E+05  -0.3565E+06
    10.000    45.500  -140.590    -0.002    -0.001  0.1421E+05  -0.2328E+06
    10.000    49.000  -143.787    -0.000    -0.000 -0.2000E+05  -0.1979E+06
    15.000     0.000   -99.023    -0.009    -0.027 -0.6322E+06  -0.5095E+06
    15.000     3.500  -102.221    -0.002    -0.002 -0.1838E+07  -0.2232E+07
    15.000     7.000  -105.418    -0.000    -0.000 -0.6165E+07  -0.5159E+07
    15.000    10.500  -108.616    -1.016    -0.194  0.4513E+07  -0.3072E+07
    15.000    14.000  -111.813    -1.959    -0.423  0.1572E+08   0.1805E+07
    15.000    17.500  -115.010    -1.925    -0.423  0.1385E+08   0.1648E+07
    15.000    21.000  -118.208    -1.383    -0.327  0.6642E+07  -0.1252E+07
    15.000    24.500  -121.405    -1.021    -0.417  0.4226E+07  -0.2594E+07
    15.000    28.000  -124.603    -0.859    -1.049  0.4533E+07   0.1110E+08
    15.000    31.500  -127.800    -0.839    -1.085  0.8525E+07   0.1344E+08
    15.000    35.000  -130.997    -0.396    -0.278  0.4235E+07  -0.3065E+07
    15.000    38.500  -134.195    -0.056    -0.051  0.2416E+06  -0.2596E+07
    15.000    42.000  -137.392    -0.001    -0.003 -0.1096E+06  -0.1405E+07
    15.000    45.500  -140.590    -0.000    -0.000 -0.4596E+05  -0.6591E+06
    15.000    49.000  -143.787    -0.005    -0.001  0.6546E+05  -0.3367E+06
    20.000     0.000   -99.023     0.000    -0.000 -0.5581E+06  -0.8842E+06
    20.000     3.500  -102.221    -0.002    -0.003 -0.1384E+07  -0.1764E+07
    20.000     7.000  -105.418    -0.006    -0.003 -0.7374E+07  -0.6660E+07
    20.000    10.500  -108.616    -1.838    -0.647  0.1586E+08   0.4857E+07
    20.000    14.000  -111.813    -2.888    -1.005  0.2495E+08   0.9569E+07
    20.000    17.500  -115.010    -2.715    -0.856  0.1991E+08   0.3145E+07
    20.000    21.000  -118.208    -2.200    -0.911  0.1623E+08   0.4392E+07
    20.000    24.500  -121.405    -1.499    -0.936  0.1010E+08  -0.1537E+07
    20.000    28.000  -124.603    -1.169    -1.992  0.8469E+07   0.2029E+08
    20.000    31.500  -127.800    -1.066    -2.439  0.9800E+07   0.3398E+08
    20.000    35.000  -130.997    -0.544    -0.866  0.4339E+07   0.9490E+06
    20.000    38.500  -134.195    -0.018    -0.024 -0.1972E+07  -0.8216E+07
    20.000    42.000  -137.392    -0.007    -0.002 -0.3857E+06  -0.2230E+07
    20.000    45.500  -140.590    -0.004    -0.001 -0.1404E+06  -0.9480E+06
    20.000    49.000  -143.787    -0.003    -0.002 -0.5368E+05  -0.4615E+06
    25.000     0.000   -99.023     0.000    -0.015 -0.4854E+06  -0.2617E+06
    25.000     3.500  -102.221    -0.006    -0.008 -0.9431E+06  -0.8302E+06
    25.000     7.000  -105.418    -0.005    -0.002 -0.5573E+07  -0.3451E+07
    25.000    10.500  -108.616    -1.532    -0.436  0.1345E+08   0.2117E+07
    25.000    14.000  -111.813    -2.611    -0.996  0.2232E+08   0.1050E+08
    25.000    17.500  -115.010    -2.637    -0.913  0.2014E+08   0.4278E+07
    25.000    21.000  -118.208    -1.965    -0.899  0.1259E+08   0.5460E+07
    25.000    24.500  -121.405    -1.065    -0.590  0.3553E+07  -0.3198E+07
    25.000    28.000  -124.603    -0.692    -0.886  0.2489E+07   0.4784E+07
    25.000    31.500  -127.800    -0.636    -1.025  0.3282E+07   0.1067E+08
    25.000    35.000  -130.997    -0.260    -0.328 -0.1562E+07  -0.3475E+07
    25.000    38.500  -134.195    -0.008    -0.004 -0.2667E+07  -0.5371E+07
    25.000    42.000  -137.392    -0.002    -0.001 -0.8477E+06  -0.1850E+07
    25.000    45.500  -140.590    -0.002    -0.002 -0.3552E+06  -0.8895E+06
    25.000    49.000  -143.787    -0.001    -0.000 -0.1810E+06  -0.5322E+06
    30.000     0.000   -99.023    -0.010    -0.071 -0.2718E+06   0.1033E+07
    30.000     3.500  -102.221    -0.029    -0.075 -0.3211E+06   0.1201E+07
    30.000     7.000  -105.418    -0.010    -0.002 -0.2492E+07  -0.3235E+06
    30.000    10.500  -108.616    -0.006    -0.003 -0.1028E+08  -0.3537E+07
    30.000    14.000  -111.813    -1.221    -0.619  0.5964E+07   0.8470E+07
    30.000    17.500  -115.010    -1.633    -0.603  0.9379E+07   0.3803E+07
    30.000    21.000  -118.208    -1.228    -0.387  0.3987E+07  -0.1570E+07
    30.000    24.500  -121.405    -0.607    -0.329 -0.1350E+07   0.2212E+06
    30.000    28.000  -124.603    -0.030    -0.043 -0.7151E+07  -0.4865E+07
    30.000    31.500  -127.800    -0.019    -0.017 -0.4859E+07  -0.3267E+07
    30.000    35.000  -130.997    -0.004    -0.003 -0.3512E+07  -0.2874E+07
    30.000    38.500  -134.195    -0.008    -0.008 -0.1589E+07  -0.1740E+07
    30.000    42.000  -137.392    -0.001    -0.001 -0.8150E+06  -0.1144E+07
    30.000    45.500  -140.590    -0.000    -0.000 -0.4305E+06  -0.6933E+06
    30.000    49.000  -143.787    -0.000    -0.000 -0.2392E+06  -0.4542E+06
    35.000     0.000   -99.023    -0.032    -0.018  0.2273E+06   0.3616E+06
    35.000     3.500  -102.221    -0.005    -0.001 -0.7045E+06  -0.8536E+05
    35.000     7.000  -105.418    -0.005    -0.004 -0.1231E+07   0.1736E+06
    35.000    10.500  -108.616    -0.000    -0.001 -0.2902E+07   0.3022E+06
    35.000    14.000  -111.813    -0.020    -0.009 -0.7941E+07  -0.3435E+06
    35.000    17.500  -115.010    -0.621    -0.061  0.1910E+06  -0.1726E+07
    35.000    21.000  -118.208    -0.674    -0.153  0.3376E+06  -0.1821E+07
    35.000    24.500  -121.405    -0.505    -0.290  0.3828E+06   0.1760E+07
    35.000    28.000  -124.603    -0.156    -0.144 -0.2226E+07  -0.7818E+06
    35.000    31.500  -127.800    -0.004    -0.005 -0.2349E+07  -0.2353E+07
    35.000    35.000  -130.997    -0.008    -0.002 -0.1139E+07  -0.1246E+07
    35.000    38.500  -134.195    -0.000    -0.001 -0.8832E+06  -0.9575E+06
    35.000    42.000  -137.392    -0.009    -0.009 -0.4124E+06  -0.5595E+06
    35.000    45.500  -140.590    -0.007    -0.018 -0.2477E+06  -0.1441E+06
    35.000    49.000  -143.787    -0.004    -0.002 -0.1747E+06  -0.4069E+06
    40.000     0.000   -99.023    -0.015    -0.007 -0.9614E+05   0.1731E+06
    40.000     3.500  -102.221    -0.004    -0.003 -0.4496E+06   0.7087E+05
    40.000     7.000  -105.418    -0.004    -0.005 -0.7026E+06   0.1910E+06
    40.000    10.500  -108.616    -0.016    -0.007 -0.9532E+06   0.3069E+06
    40.000    14.000  -111.813    -0.002    -0.001 -0.2340E+07   0.1551E+06
    40.000    17.500  -115.010    -0.006    -0.001 -0.5022E+07  -0.1156E+07
    40.000    21.000  -118.208    -0.483    -0.144  0.3475E+07  -0.4974E+05
    40.000    24.500  -121.405    -0.437    -0.357  0.2720E+07   0.3389E+07
    40.000    28.000  -124.603    -0.345    -0.399  0.2998E+07   0.4739E+07
    40.000    31.500  -127.800    -0.071    -0.119 -0.6313E+06  -0.8907E+06
    40.000    35.000  -130.997    -0.002    -0.001 -0.9487E+06  -0.1684E+07
    40.000    38.500  -134.195    -0.000    -0.000 -0.6190E+06  -0.7381E+06
    40.000    42.000  -137.392    -0.003    -0.002 -0.4326E+06  -0.4600E+06
    40.000    45.500  -140.590    -0.002    -0.001 -0.3247E+06  -0.3659E+06
    40.000    49.000  -143.787    -0.007    -0.005 -0.1051E+06  -0.1829E+06
    45.000     0.000   -99.023    -0.008    -0.006 -0.9668E+05   0.1653E+06
    45.000     3.500  -102.221    -0.004    -0.004 -0.2780E+06   0.1296E+06
    45.000     7.000  -105.418     0.000    -0.000 -0.4852E+06   0.5872E+05
    45.000    10.500  -108.616     0.000    -0.000 -0.7082E+06   0.8059E+05
    45.000    14.000  -111.813     0.000    -0.000 -0.9700E+06   0.4868E+05
    45.000    17.500  -115.010     0.000    -0.000 -0.1502E+07   0.1737E+05
    45.000    21.000  -118.208    -0.006    -0.002 -0.2674E+07  -0.5194E+06
    45.000    24.500  -121.405    -0.041    -0.035 -0.2182E+07  -0.4685E+06
    45.000    28.000  -124.603    -0.034    -0.054 -0.1952E+07  -0.1842E+06
    45.000    31.500  -127.800    -0.001    -0.000 -0.1591E+07  -0.1400E+07
    45.000    35.000  -130.997    -0.001    -0.000 -0.7792E+06  -0.7538E+06
    45.000    38.500  -134.195    -0.000    -0.000 -0.5007E+06  -0.6120E+06
    45.000    42.000  -137.392    -0.022    -0.028  0.6793E+05   0.2926E+06
    45.000    45.500  -140.590    -0.011    -0.002 -0.8468E+05  -0.3618E+06
    45.000    49.000  -143.787     0.000    -0.000 -0.2170E+06  -0.2325E+06
